-0.582820236028824	11.656868304742	45.1515875049372	4.0199173270627e-06	0.0039205885703492
-5.72152701283866	-0.5327343192173	91.5096807241929	5.39485694069741e-06	0.0042401327696823
-0.70787713274958	4.28031684209065	40.2953870552076	8.0534563336547e-06	0.00542544095791888
-0.629251527737528	8.18281327706971	38.2363277645093	1.10145714784372e-05	0.00598474679705054
-0.545757601116979	5.56843115809681	34.7539133986397	1.92506650198351e-05	0.00775217598119837
-0.559128427107585	6.47337185472127	34.6088893242269	1.97200217168849e-05	0.00775217598119837
-0.598592985747971	7.53680670716623	34.4725009427909	2.01732006219483e-05	0.00776585884350635
-7.15588596523194	-1.47732106838634	62.4688625632795	3.0852072057787e-05	0.0098637734784074
-0.449814095826152	6.57536087187996	31.8385578041869	3.1687098539755e-05	0.00996189566258998
-0.665911785798233	4.64252945470224	30.6919352165619	3.88815757681895e-05	0.0114597369330525
-0.56295004333674	6.75566022062654	29.0182471351929	5.29088356795214e-05	0.0144640488032291
-0.659088383816846	10.2069697243959	28.6162954096813	5.70717783526862e-05	0.0151626050009397
-0.465268282330568	5.73162287215086	27.5152646524171	7.04872472952815e-05	0.0167293269169495
-0.591197626845019	3.24399491001618	27.4821890128127	7.09508643034491e-05	0.0167293269169495
-6.62924574105119	-1.84576870112433	47.9316242719596	8.40617329639148e-05	0.0178904308740132
-0.560462165366751	4.36282128816214	26.5975187191948	8.44111937542901e-05	0.0178904308740132
-0.604847106215028	4.53713307306088	26.3910850309985	8.79510114939719e-05	0.018230988239679
-0.625588185010304	5.98758425814136	25.7672724803125	9.97021588607744e-05	0.0197966507641136
-0.42186873062006	11.7336308660893	24.6866425445783	0.000124479364328002	0.0228789824598099
-0.371735616398561	5.8716028957994	23.2620585958044	0.000168387192756003	0.0281998490095218
-0.520919448792786	7.03253374101468	22.7797368126985	0.000187006483510708	0.0301496008415598
-0.342332051018888	6.67672853834858	21.7073838129352	0.000237287564590932	0.0357098385143275
-0.408836025614035	5.7470322358187	21.4941500458886	0.000249003444603036	0.0361303998119005
-2.03333333654351	-2.18626262962972	18.1636192058635	0.000264587528469268	0.0372456309665358
-1.00109225530844	2.46291861192881	21.1367042139624	0.000270202043654537	0.0377542307367076
-0.385048372028617	6.00726347049105	20.8778756480756	0.000286683192307715	0.0397625371801502
-0.350976069460039	7.70853194189446	20.5956753569498	0.000306043416454715	0.0411389680056497
-0.517975533094485	6.1182717882973	20.5750987291585	0.000307511768477793	0.0411389680056497
-0.869563665329674	2.76435718521426	20.3240642713139	0.000326133710790859	0.0433229590609012
-0.390894018883929	8.50604116487456	20.2525795653384	0.000331588223965706	0.0435706513474872
-0.408314576520083	8.31465214343027	20.1453209165581	0.000340058994860036	0.0437057707845028
-0.414453118938225	5.41163095618216	20.0547028777489	0.00034740603500548	0.0437057707845028
-0.61539297013065	2.90344901109839	19.7646651188772	0.000372188161919633	0.0458861784201963
-0.748102598706518	4.34430738795631	19.7095274003502	0.000377082316021112	0.0459584316133666
-0.37577771345924	4.68031639053716	19.6587224151862	0.000381674914908338	0.0461508584609999
-0.355458497790598	6.61996715863379	19.5874837598597	0.000388228002933106	0.0466442345180075
-0.388773353378309	7.97685779714449	19.4332718015146	0.000402864241639199	0.0474951761877514
-0.72324417477102	1.95914234729745	19.4041053727802	0.000405954288600438	0.0475622096016773
-0.356195637526837	5.52497584049231	19.367882420362	0.000409257401639303	0.0476532244884085
-0.382087624982547	6.01408745994805	19.2349014981916	0.000422612089334854	0.0485762955782404
-0.521745820043959	5.18414425145973	19.2125182347423	0.000424910606500009	0.0485762955782404
-2.23716769319129	-1.78441771820319	17.0730800975126	0.000435587815725141	0.0492005566947505
-0.679532175594821	3.10765621069353	18.9707513404425	0.000450658209942064	0.0500171127859761
-0.330855535288806	6.55465002388332	18.9557917207331	0.000452265076185778	0.0500171127859761
-0.613747277003625	3.01449804433086	18.9457074577968	0.000453423436696279	0.0500171127859761
-0.750818924164222	4.88899506052947	18.8732811413871	0.000461478225603638	0.0501922131183524
-0.951290282432887	3.1960804635351	18.8377016473935	0.000465557962518231	0.0501922131183524
-0.443149624682792	6.55347331516845	18.8364312087496	0.000465654312448267	0.0501922131183524
-2.56295148063106	-1.12842480240873	15.6114119985712	0.000539240896571626	0.0562971488614074
-0.633982806913137	3.66179959578678	18.2266317773411	0.000541430797035366	0.0562971488614074
-4.52326075135681	-2.22063541816708	26.9517659147544	0.000573905270597653	0.0588346473874105
-0.329983588672113	6.01145585481925	17.5061806748081	0.000649326077844779	0.0637656845365488
-0.470224704136269	8.26913276173302	17.2432234793857	0.000694585017795274	0.0668467203605728
-0.531908043858231	4.074899082921	17.0367717984221	0.000732632776491048	0.068414119123518
-1.49384017216354	-0.478498560884274	17.0111190312382	0.000737038367465833	0.068486476480335
-4.46011380332482	-2.26639416501832	25.7019839924486	0.000762369426966447	0.0702228440325786
-1.29650590485352	-0.0163943649308993	16.8765444011633	0.000773590309700004	0.0704938841153197
-0.492201799729042	2.94233118884629	16.6270693280868	0.000815280085439935	0.0728125427966086
-0.365214858689239	6.19792067278732	16.4831918839949	0.000846662638105889	0.0739379506601453
-0.404528659927378	6.69416986548586	16.3895746067096	0.000867859986903118	0.0754398291841175
-0.359600747652964	4.50192553339724	16.3161519036833	0.000884916056499843	0.076193007173827
-0.396770510006333	4.4950176871118	16.3003151093131	0.000888642399313043	0.076193007173827
-0.436556848826032	4.14394258505062	16.1979058726244	0.000913179994067128	0.077591505531929
-0.357918832573885	3.71357959551223	16.0938710323664	0.000938876862907829	0.078985120752145
-0.868146660134255	5.85040270467209	16.0795375413986	0.000942441927310939	0.078985120752145
-0.66740321879823	4.32099671867813	15.9604373890308	0.000973006152510862	0.079336168242223
-0.595679870530283	2.75678084209267	15.9501736865269	0.000975772201250901	0.079336168242223
-0.530714633339937	3.7711286737936	15.8617504440513	0.000999181277887156	0.0804916948610998
-0.513801247240171	4.03220415305092	15.8495239293895	0.00100246920657672	0.0804916948610998
-0.331971072087961	11.8642776316127	15.8482343843084	0.0010027857865853	0.0804916948610998
-0.375033724927561	5.83776906973551	15.6523759221571	0.00105729661257195	0.0830991083456027
-0.345572160131502	4.97650862863698	15.6035694385148	0.00107140418316236	0.0838584942198819
-0.393603461754344	4.82967486056402	15.5590046268755	0.00108445824376163	0.0845294869920479
-0.379850010571331	7.40907909685162	15.4718345529253	0.0011105104099005	0.0857797771149386
-0.607519497265534	4.12569841070402	15.2858975446786	0.00116851997612929	0.088167169238907
-4.6169104542306	-2.6979382521844	16.4614353670172	0.00123957129485485	0.0914792595425505
-0.499235189219155	3.73847470669382	14.9500358759152	0.00128211267393915	0.0919562409449209
-0.32911126968036	5.00031362915714	14.9066027580928	0.00129763468355822	0.0923671057960704
-2.67269227462767	0.109312512333881	14.4578033891511	0.00132733953941236	0.0939885217187793
-0.342274312983542	7.35471067119061	14.6967864481502	0.00137592479663017	0.0964835295123974
-0.469720438882318	6.45430596125817	14.6537124998304	0.00139264861929038	0.0969152925658204
-0.379103496452785	5.57115975303685	14.651949011715	0.00139333928597607	0.0969152925658204
-0.689989243434816	6.15652033358968	14.5830953462448	0.00142056350465645	0.0971341933961518
-1.25185195122226	0.769003446453685	14.4615615607049	0.00142888419763097	0.0971341933961518
-0.363371869437282	3.50315004410026	14.5558793923742	0.00143154883974607	0.0971341933961518
-0.352983332775188	8.02736949943165	14.4007449055308	0.00149560405137176	0.099336546552907
-0.52561941147526	2.22214906426893	14.2396252646061	0.0015659393081951	0.102083610666391
-0.303881111275864	6.36748070514515	14.2230676760761	0.00157304206238725	0.102083610666391
-0.567842698466367	4.26129858524079	14.1605771546132	0.00160137527992597	0.102395735272012
-0.41189638959918	6.46672820502698	14.0822320992811	0.00163763686738092	0.104360622396643
-0.334650944861009	4.67239544959327	14.0527005022872	0.00165157334070122	0.104894370120024
-0.384564294569775	4.89992160525164	13.9318523751774	0.00170993860044228	0.10767039004329
-0.296185335192052	6.78927389675083	13.9056404255789	0.00172289220714622	0.10767039004329
-1.22695464355002	-0.545110092315305	13.7896225087761	0.00177146878895999	0.110281240152318
-0.359880239041598	4.06024334719415	13.7855856183807	0.00178375386217714	0.110680753625814
-0.509720649609623	5.01278164639435	13.7540257910405	0.00180009781989206	0.110964853518379
-0.51303923760569	7.18328715492239	13.4803345985243	0.00194952163773805	0.117114097619913
-0.500998126093511	11.0596623069835	13.3549532309704	0.00202260710254633	0.119226368047911
-0.405398416110091	6.81507065440565	13.0843648980076	0.00219109972575296	0.124585227207298
-0.775948488739017	3.0425919846725	13.084501633974	0.00219116544140197	0.124585227207298
-0.292762794501973	5.97797461148145	13.0817966129641	0.00219277397194629	0.124585227207298
-0.462463338198509	3.15639063500183	12.9124389676816	0.00230647782134976	0.127269677923956
-0.26048691062954	9.58029070179338	12.9115979274621	0.00230693736754925	0.127269677923956
-0.429702498148589	4.61166053347957	12.8719809418785	0.00233448065322	0.127269677923956
-0.404997508893904	5.8868281565896	12.7790620495819	0.00240048863350043	0.129372620267767
-0.260754891295911	6.19891892496847	12.7507562214677	0.00242101706067888	0.129737627317005
-0.442718972634136	4.12344473576613	12.7121289183764	0.00244940224230989	0.130363568421865
-0.456133622190955	2.6493767780123	12.7071231884142	0.00245338025433234	0.130363568421865
-0.705771896622187	1.86622769647594	12.5708936577096	0.0025568506784267	0.132608715594733
-0.416372726469527	6.54272944623143	12.5621146120072	0.00256299558702784	0.132608715594733
-0.276450574586948	7.30391941040647	12.3176100481403	0.00276119441987791	0.140011855758487
-0.309689054424839	6.12751003361844	12.255743110282	0.00281404746785217	0.14117387602685
-0.279470149665092	6.86890089448307	12.192155780901	0.00286956067025196	0.143576983880538
-0.327865644323183	4.44932435179734	12.1707574364032	0.00288855459584113	0.144144987675532
-0.661762712641862	2.42447684025859	12.1301013608418	0.00292528153015602	0.145592573887422
-0.474098781060119	3.44466534248012	12.0913155173102	0.002960251082437	0.146559622488213
-0.272794367363069	7.64265617110604	12.0493349623931	0.0029988084768318	0.146926037138905
-0.232857966229744	5.32596404942931	11.9186432299961	0.0031228615036742	0.151042401394376
-1.2699962592057	0.633845896173724	11.8551953112147	0.00319681645699896	0.15343905554293
-0.304670194413429	6.35105130964556	11.7857652883524	0.00325495116732326	0.155045817851562
-0.341121373790944	5.26848626272618	11.7693326695366	0.00327172396213486	0.155452214352015
-0.550490453714925	4.95265330136745	11.7496829265076	0.00329191054263378	0.155721944279944
-0.261121225836346	5.22802770904607	11.5933464275117	0.0034575610191278	0.15830090656264
-0.290329809056859	4.63261037434652	11.5611517986962	0.00349286305560064	0.159144627579215
-0.382172848200973	4.01361340764907	11.5340094498348	0.00352295179876656	0.160128770554539
-0.342728891802057	8.4445639339778	11.5209271770821	0.0035374658202696	0.16040196578785
-0.621945714986694	2.42575039588995	11.4832253182709	0.00358027857694474	0.161566494729446
-0.327023124668138	4.57083377974124	11.4292248557977	0.00364169404049391	0.163463656676608
-1.60449204573701	-1.30602275920089	10.8983613335078	0.00371510966579796	0.165874404056168
-0.269364312986752	6.61403708843138	11.3424708768845	0.00374343156067687	0.16620647609595
-1.80207796710037	-1.98525405492788	10.357660519692	0.003812550389882	0.167636685324812
-0.591151773553908	3.64383577996505	11.2638180400579	0.0038385942236711	0.167847331517464
-3.13148687456649	-2.6977877218732	10.6880150150411	0.00384800256479739	0.167847331517464
-0.79283056156224	0.992654458888358	11.2292131972669	0.00388608263411368	0.168513049947785
-0.555448708214165	6.79390847893127	11.206485122667	0.00390948260905039	0.168934617084518
-1.49079582654659	-0.64593842897979	11.1680626385238	0.00391371614620869	0.168934617084518
-0.284021859202004	5.19124599865037	11.184824061406	0.00393669782384124	0.169538655367848
-0.35132487991433	7.00820562778981	11.1690674595621	0.00395662051222056	0.170008502783636
-3.3837724936283	-2.47092033190581	10.7838614993021	0.00399224707352437	0.170408791195698
-6.23427726555601	-1.91831035470402	13.0256960991984	0.00411634218336001	0.174486657538696
-0.690696198713167	1.66902747943327	11.0252820834051	0.00414503501262591	0.175303739490181
-0.355222302521847	5.76787389284188	10.9996595164841	0.00417822787252973	0.175439267789382
-0.446305729736403	3.18761448080823	10.9945487676954	0.00418531890501097	0.175439267789382
-0.494377215272797	3.71842536241695	10.9352771248647	0.00426621313462807	0.176251474372548
-0.35427280295703	6.64028816599206	10.9141776718111	0.00429534404207125	0.176906276562424
-0.259894829774765	6.46132481594736	10.9009004745053	0.00431386577966423	0.177278021312165
-0.565320392589515	5.94749975334047	10.8523857480183	0.00438231587667193	0.178674414527311
-1.02630839484912	1.40541978855866	10.7782918119913	0.00449387564483068	0.182296723200948
-0.58377577039775	2.72675702341368	10.7053982229853	0.00459769941940511	0.186108163408237
-0.479889156400863	5.16260239229428	10.6401347562236	0.00469656654301853	0.189278642855146
-0.657654552427399	1.40189389961831	10.6351270973967	0.00470612752473432	0.189278642855146
-0.25429696659379	7.8492932092553	10.6137916280844	0.0047373086610033	0.190127347388309
-0.224272090584981	6.84245099886426	10.5752741338201	0.00479761053347895	0.191636438909619
-0.274300995710671	4.79788985249905	10.5706931346291	0.00480485395323765	0.191636438909619
-0.609238175651272	2.35581479550836	10.551935307938	0.0048351046904886	0.192414725267271
-0.380706926336673	3.93033729857901	10.4997396013762	0.00491850257111483	0.194911163863317
-2.55026489026575	-2.57883101338825	9.76330250127981	0.00493114074696764	0.19500232266258
-0.419365556027235	4.24121052875652	10.4634153565214	0.00497778676640333	0.195731533293071
-0.402599070670114	3.91355758625303	10.4542342291371	0.00499292363381563	0.195731533293071
-0.335609868529486	3.43924087477618	10.4501481307427	0.00499973534584215	0.195731533293071
-0.276637212552116	5.53628337010596	10.4369640796782	0.00502140795113031	0.195731533293071
-0.454325220840054	7.44829268344907	10.4364749773159	0.00502221609043346	0.195731533293071
-1.49699182414469	-1.9829303772658	9.62451038288058	0.00512065172281291	0.19915639886066
-1.28100008398761	-0.540295505736567	10.3747402034802	0.00516745986752452	0.199196169073306
-2.35534305447147	-2.47006895339561	9.50181112201982	0.0051958484031354	0.199205870789315
-0.24009855966891	5.81448250632263	10.2421089531919	0.00535699686000697	0.204552695891319
-0.506264538387112	2.2319576285326	10.1751674578915	0.00547871850551795	0.20752021519997
-0.260387095511284	4.69126379516561	10.1639306711076	0.00549874833912887	0.207861502847671
-0.334276423251284	3.21927398948149	10.145351032215	0.00553319020638454	0.208745133726063
-0.372308586844045	2.62684167068162	10.13012404575	0.00556169524218414	0.209401711284071
-0.436744864067729	4.95918828174934	10.0873903153679	0.0056415923818945	0.21167507327216
-0.624134942661695	2.98115929271271	10.0825837897318	0.00565097115060991	0.21167507327216
-0.471426045478378	4.70372189886395	10.0403263715044	0.0057315432077101	0.212823030565031
-0.24056554518338	5.10729792313858	10.0026937197168	0.00580458026002384	0.213854756733822
-0.319454369041971	4.36151196021913	9.98621356718576	0.00583697148376858	0.213854756733822
-1.45308074331373	-1.74380435642939	9.44493167950447	0.00584308781571009	0.213854756733822
-1.02481008844417	-0.506070172464438	9.99950219952744	0.00586136400526883	0.213854756733822
-1.44670121657863	-2.00223746113297	9.23215321447155	0.00589460312784006	0.214592795080417
-0.250707765268471	6.85501278570137	9.9484242962081	0.00591181507594639	0.214592795080417
-0.262382980128136	4.53676134102803	9.93494655662337	0.00593884924876637	0.214936975177914
-0.266061183549263	5.42052572030276	9.92006299112576	0.00596875476133283	0.214936975177914
-0.443299674226203	2.17170317786605	9.91110717409658	0.00598749352549514	0.214936975177914
-0.239612713563573	6.70118076521718	9.90555961896866	0.00599810522533411	0.214936975177914
-0.429999843114554	2.53777330512589	9.90212235800224	0.00600565773720344	0.214936975177914
-0.338759543303689	4.69390811624159	9.87223618054971	0.00606621063452332	0.216307998485848
-1.43865995844218	-0.683596084223631	9.36390483126782	0.00610311597076721	0.216804287300531
-0.887118627164406	1.15170060725114	9.84209944447118	0.00611687560685133	0.216884632654204
-0.432620933864298	4.97516925093016	9.83557772746479	0.00614209143742641	0.217370114041603
-0.247536820474815	6.91632231536444	9.82408418973791	0.00616607816534395	0.217810360361204
-0.321163221584752	4.01709949344906	9.81035205974594	0.00619501306895902	0.218423423401447
-0.836385411758001	-0.0816332839796703	9.82154744316751	0.00621207431707052	0.218616339259144
-5.92891576227858	-2.17755689722608	11.9768535507908	0.00624618605138777	0.219407462732453
-0.745980607805495	1.6575957392526	9.77822421268249	0.00626538147237888	0.219672659318741
-0.275561045213162	4.61418382286751	9.75713286043935	0.00630813840105292	0.219925015544299
-0.224001323924351	7.10581840997978	9.75579389320036	0.00631097478149413	0.219925015544299
-0.533840974252137	3.66000736358628	9.7092544771064	0.0064120826347203	0.221434528108605
-0.287273835191662	4.43840696983029	9.69632892910468	0.00644034522602588	0.221434528108605
-0.239932007432841	5.16101882416755	9.66241713547877	0.00651538352598455	0.221434528108605
-0.356140028996208	4.4914473013924	9.6623021189552	0.00651569349894988	0.221434528108605
-0.332966434573094	6.99698508604649	9.66083083655549	0.00651891300331715	0.221434528108605
-0.335074072290485	6.34581280373475	9.6583242155423	0.00652450665917022	0.221434528108605
-0.215643605534726	6.57486535439784	9.57394870151488	0.0067159695650796	0.22581699448502
-0.229518744841815	7.90739615538805	9.56393079148507	0.00673912053764598	0.226100571244304
-0.239226565139582	6.8088593297606	9.55993694478936	0.00674837627156566	0.226100571244304
-1.00801534875891	5.80083089052416	9.546327195406	0.00678004232950577	0.226758756137353
-0.260236219006775	4.82528663358894	9.46246286149533	0.00697881270302675	0.231355613386983
-0.369066282755098	5.32070765827332	9.4538409945566	0.00699959055904667	0.231637327570697
-0.723633085938269	1.01289457013247	9.44420084638539	0.00702943143288115	0.2322174520463
-0.266856825298928	8.54891091911662	9.38896520272246	0.00715840191860213	0.234425235053111
-0.246231134938082	9.41642841056737	9.34477699166161	0.00726891190769265	0.23599567179829
-0.891407172484151	-0.0445516606657012	9.23598608894614	0.00759306831628997	0.242944935605646
-0.2684314841499	8.19241771354857	9.16461795166292	0.00773991260982569	0.244552716179467
-2.02533671161486	-0.83466902526384	10.6927533186365	0.00782381791629073	0.245558531372699
-0.335109006331511	7.23084034582808	9.10901103420964	0.00789220005574775	0.247293305069053
-0.332745998534724	3.23602510053167	9.08100470658949	0.00797040657324747	0.248177913164567
-0.211298974883194	7.78457607613895	9.08040079139705	0.0079718731989144	0.248177913164567
-0.262740618330965	6.48557143612625	9.04673590994983	0.0080667931978138	0.249449049328462
-0.288142939197319	4.06809425388082	9.02193805140425	0.00813765056160938	0.250408650152753
-0.792368849951365	0.195569448917388	8.93878549504049	0.00840717920636836	0.257200003439271
-0.63075376534781	2.90186003915687	8.91532950227098	0.00845014901351784	0.257200003439271
-0.216438659130581	5.20872071578767	8.88311203764276	0.00854676673716993	0.25877634183505
-0.275280472171633	5.62992457770576	8.86880351745232	0.00859025085578395	0.259260643028244
-0.396425962204528	2.30911698432277	8.76812913649703	0.00890409337868959	0.266177358799083
-0.506396768185558	2.30331695821198	8.73732306793285	0.00900251641743067	0.267003879216973
-0.259327931808574	5.39074961131267	8.73235347564597	0.00901782030623152	0.267037903353917
-0.763609097405445	1.26416644820889	8.70784674885267	0.00910349501874098	0.267486761957595
-0.29896921071655	4.90362867141542	8.70227294365189	0.0091153073804787	0.267486761957595
-0.432512056116459	2.29707047724812	8.69879047601589	0.00912741781936191	0.267486761957595
-0.2898407144897	4.57680014809843	8.69840733340349	0.00912793652715667	0.267486761957595
-0.297621998780151	4.66696714083629	8.68842131762633	0.00916060267320184	0.267486761957595
-0.21060840015858	6.65684951184034	8.67905018043308	0.00919134103970907	0.267969499276711
-0.274599140606604	4.48435337936715	8.66155974545025	0.00924918362661819	0.268602991432985
-0.364810214450144	4.89033602397155	8.654765446355	0.00927169058447359	0.268602991432985
-0.57795036322396	2.71595126706597	8.65174043667473	0.00928217121516831	0.268602991432985
-0.202775883187021	8.66349790623806	8.65097336586677	0.00928426816594953	0.268602991432985
-0.201880694502783	5.82110365790264	8.63908465989433	0.00932394196672404	0.269214205785379
-0.405490589267594	4.51162675991056	8.60456334298829	0.00944028962573607	0.271038330609223
-0.398635806280674	4.91228504892343	8.57839361556031	0.00952950264124632	0.271944036795506
-0.283779698698518	6.3182215029905	8.56045972588961	0.00959118337179997	0.272878570048662
-0.299291473109825	5.20283249120807	8.5261804774877	0.00971041677016305	0.274614080263247
-0.422188577251183	4.32978420459365	8.49603665611595	0.00981673905527448	0.276083736807006
-0.578851542422466	1.0630305375956	8.49625006886933	0.00982092919458734	0.276083736807006
-0.655115573343668	0.695479970285736	8.42371578726753	0.01008629915693	0.28228169287414
-0.542678731450019	3.63667490865496	8.39821714292474	0.010170831155582	0.282519454304844
-0.714933219210948	1.03115772429697	8.39006851543799	0.0102058704211309	0.282519454304844
-0.74167462562028	2.23837501145996	8.37719486808454	0.0102501354718396	0.282519454304844
-0.485356261564475	2.29173954633672	8.368712976772	0.0102810290536587	0.282698325129977
-0.248728909847287	6.36562963123063	8.36215209023128	0.0103046890306659	0.282924367929441
-0.810061647514025	0.518882629881431	8.35870045989338	0.0103514980736139	0.282924367929441
-0.697529245322902	0.453880824765597	8.35367744379997	0.010366875145697	0.282924367929441
-0.267842547886375	4.43750455127736	8.32058725501858	0.0104618432596771	0.283809743108868
-0.732905306208017	3.07529295896588	8.30870323535572	0.010507568983663	0.284023210897396
-0.258981925597468	4.99166507168095	8.30498078289043	0.0105214578511643	0.284023210897396
-0.298526240679808	3.68843224658209	8.26665816561535	0.0106698421585299	0.286702610593089
-0.423087172301728	3.70029609449054	8.24832797280936	0.0107415412421289	0.288000571757569
-3.83230190958142	-2.13514081594845	9.48520951714441	0.0107486827396134	0.288000571757569
-0.316859764397247	3.48554673992604	8.21295300251045	0.010881511392054	0.288974148916025
-0.388243228986097	7.2109460336086	8.20621393462636	0.010908189976257	0.288990431913113
-0.945682066042088	-0.816452426014362	8.1931367136506	0.0110074641098477	0.290561896757253
-0.446102043916951	1.55096063439883	8.18021936142586	0.0110150778759147	0.290561896757253
-0.437858953517847	6.18916034918536	8.17614548633695	0.011029121458845	0.290561896757253
-0.215255796045517	5.74228525510266	8.15037734634062	0.011133967606605	0.291829458927133
-0.526064800016483	1.87547290980884	8.13905187974418	0.0111821577714749	0.292145487594642
-1.90650994704432	-2.06050546247668	7.62428256283281	0.0112146535665395	0.292185096996733
-0.323351693663245	6.45931398822768	8.10646024464556	0.0113152728840112	0.293723859941071
-0.258862869490358	5.81924216353745	8.09517163209945	0.0113624193156935	0.294004548082205
-1.50335003536869	-1.9285671123705	7.62809225707587	0.0115873252306119	0.29862996832206
-0.246996785406222	6.39601226002573	8.0271891090632	0.0116510910433086	0.2993528001502
-0.72640719869564	0.602258257296579	8.03416545539539	0.0116643327206912	0.2993528001502
-2.82983099406213	-2.52281686462482	7.66449268401773	0.0117065101442719	0.299902307052036
-0.536878088973358	3.04443643819485	8.01133111850328	0.0117200104571769	0.299902307052036
-0.456826198775907	4.47580525412208	7.99129006817354	0.0118069602933682	0.301300298880395
-2.12293374567611	-2.16537413406529	7.45532797238022	0.0119702974376017	0.303488871727797
-0.252986078142395	6.70734893168092	7.93323867776899	0.0120638454655559	0.305450089955411
-0.448440265260561	2.56329854191326	7.90313979202155	0.0122001819039549	0.307293009110295
-0.29898793034148	6.30405798478762	7.89282859736518	0.0122464714072946	0.308006920207731
-0.282825270702489	4.46997947552334	7.87185099804669	0.0123425962820153	0.310011176654668
-0.405163874844521	3.69454993234639	7.85932323250235	0.0124005095912731	0.310012651737721
-0.250713350028053	8.25879018735128	7.85609108657849	0.0124152263258429	0.310012651737721
-0.286664795758261	8.36326605751328	7.85401754305131	0.0124248298104075	0.310012651737721
-0.283498128645668	4.76973621628026	7.83644658748054	0.0125066144043574	0.311539244922894
-0.252806125210168	4.7293759259732	7.82716472772373	0.0125499974193832	0.311539244922894
-0.184530082733919	7.56845757957224	7.82671373415273	0.0125520768775592	0.311539244922894
-0.397268767884342	3.24494659287049	7.77908294647442	0.0127779106962621	0.314660221231844
-1.29996321452031	-1.25142664615265	7.70455001991883	0.0128244878001339	0.315395454203294
-0.402541038777629	5.33307486942642	7.74262631126195	0.0129533685562949	0.317188700316563
-0.272169631585249	5.22087650239043	7.73185863958671	0.0130058104517723	0.317188700316563
-1.76266124861079	-2.299452059722	7.30129129329424	0.0130151118085681	0.317188700316563
-0.629296624406197	4.87920649846167	7.72076039784722	0.01306014489141	0.317875500756991
-0.266318281346276	5.52581232672387	7.7023774755609	0.0131505887359042	0.319344098130128
-0.436035435461765	3.07592758290598	7.69072440132776	0.0132087191452745	0.319840910445846
-0.260738584492668	3.76827188836805	7.68461228058714	0.0132389086696681	0.320160941328141
-0.478590846798145	4.38327425986512	7.67213450016114	0.0133011326860533	0.320433289728
-0.30741937589939	6.39316497057596	7.66688796599755	0.0133273212876125	0.320529949580597
-2.54477283289409	-2.42051612865715	7.26071258065608	0.0133391300652478	0.320529949580597
-1.1410893591193	-0.56730774392828	7.67010711694469	0.0133619717619059	0.320670322321669
-0.29855511394861	9.13234605691404	7.6194074630658	0.0135680104533972	0.323966305294216
-0.449801185327728	2.72201972662787	7.59800033972978	0.013678676728612	0.325783938297736
-0.271515231066122	4.0454491682041	7.59453686751003	0.0136962239267325	0.325790506847359
-0.378535764011835	4.1644265351461	7.56429475093382	0.0138537605237616	0.328544238768743
-1.11728563731763	-1.5354126710906	7.47174486273369	0.0138812839719296	0.328544238768743
-0.389091813925552	4.60834115889337	7.55462658155224	0.0139044830552657	0.328544238768743
-0.228493371816512	4.75666982725527	7.55234387267715	0.013916495084357	0.328544238768743
-0.341919505276078	3.2876703305231	7.52403304808876	0.0140668878911054	0.329607533082084
-0.273945372403866	3.55127576918089	7.52214387292057	0.0140768985835823	0.329607533082084
-0.557404390499501	2.06136468004424	7.52135512889586	0.0140823141854424	0.329607533082084
-0.59364922832512	2.43819322853558	7.5166773014112	0.0141067918055604	0.329735333120553
-0.321864828698042	6.62087724687627	7.49031011925387	0.0142478297357068	0.332194189326895
-0.222567315786475	5.42621948006529	7.44204819125128	0.0145118674997702	0.33690908795614
-0.218962906940368	5.57911060252143	7.43789448701217	0.0145348506806191	0.33690908795614
-1.01671904592557	2.30770792257778	7.43492270213263	0.0145537511692063	0.33690908795614
-0.250511746203729	4.53068142199583	7.43200734010358	0.0145675559363025	0.33690908795614
-0.229396481107221	4.38870599858798	7.43180365701836	0.0145687160999302	0.33690908795614
-0.201671108106193	7.60770866573902	7.41308486755628	0.0146729830627819	0.337112324206088
-0.221305172947605	5.83118242051561	7.40945151612381	0.0146933435633067	0.337112324206088
-0.481939271348856	2.6383744704415	7.40778693554515	0.0147033779712687	0.337112324206088
-0.270103465672149	5.60334461879539	7.40487850220669	0.0147190106470652	0.337112324206088
-0.456920503290267	4.6924999460929	7.40360850257961	0.014726212964312	0.337112324206088
-0.389810768652705	5.60529760698628	7.39189877437133	0.0147921395343674	0.337125377918379
-0.340758441935091	3.21185615693659	7.37054422710383	0.0149136970487685	0.338936225820386
-0.264198517583864	3.96349658089973	7.35965407739626	0.0149757647038863	0.339528665395921
-0.463745868779709	3.36250470681244	7.35215032126247	0.0150189438902143	0.340098845859678
-1.11651539351289	-1.63849900002722	7.12215852464302	0.015068890287708	0.340820716423305
-0.225733860640145	6.12172383760664	7.33722904784162	0.0151047107568102	0.341221747312229
-0.839090590824775	-0.640231265247813	7.34489295569955	0.0151231820931166	0.341230363423994
-1.9340316216156	-2.06181544069585	6.89918698384197	0.0151531434387894	0.34149790285052
-0.441492503872348	4.84190873494035	7.31716834559829	0.0152213467632682	0.342625613359819
-0.515392022732497	1.25962474136915	7.30252261143269	0.01532245247716	0.344087415532277
-1.22866055136719	-2.00263255167588	6.89427095630683	0.0153227709827234	0.344087415532277
-0.793817511615734	0.379685231332703	7.28677970985464	0.0154310243274944	0.346106316158771
-0.471734197568978	1.81145876007524	7.24076424282973	0.0156768252844243	0.34968121162155
-2.24157247151026	-2.60775129859476	6.80125653484545	0.0156823661903963	0.34968121162155
-0.343432234418979	4.99801098367483	7.2321958355396	0.0157266085900998	0.349755745621472
-0.814755471992295	-0.544941335799281	7.23622637216542	0.0157861582256153	0.349755745621472
-0.630956783033145	1.01683216276513	7.22039719870746	0.0158049781436675	0.349755745621472
-0.200560017949388	5.36214559732491	7.18762935427232	0.0159992188673501	0.352770448610134
-0.304276674521598	5.79159320219189	7.18404594123767	0.0160213690094412	0.352770448610134
-0.337593208395149	3.64278765657962	7.18311220373031	0.0160273696898099	0.352770448610134
-0.263643295049394	4.4817504334054	7.17718711102308	0.0160639665061071	0.352829955458906
-0.303307904878394	3.14543590583006	7.17172265542703	0.0160981809254301	0.353093007902777
-1.62970848061167	-2.29709949667329	6.69372175139013	0.0161247351377797	0.353264667716538
-0.275601067497412	5.47703155897574	7.15894697730317	0.0161775274354005	0.353988119913669
-0.187199999884972	9.54710219273428	7.15311425350804	0.016214055855665	0.353988119913669
-0.23646579819495	5.22599694907012	7.14273596415866	0.0162793112125125	0.354591971595408
-0.255258970026932	4.9733585684185	7.13245460134509	0.0163442441021666	0.355087832238659
-1.00069276615174	-0.381257176430554	7.27721063959641	0.0163674353303603	0.355087832238659
-0.228572708127114	6.37659404708564	7.11499963269176	0.0164551378778954	0.355090861771477
-1.18202834866246	-1.40282161142794	6.85275080213409	0.0164668580584139	0.355090861771477
-0.40562099861215	4.18433866611683	7.11243788229932	0.0164716378121212	0.355090861771477
-0.305861364208745	4.4574503791543	7.10753037602562	0.0165029630460983	0.355360036459534
-0.369053971485963	2.30137642756486	7.09999648349885	0.0165521591967707	0.355607493085064
-0.302834772840027	5.53969876785863	7.08636383862251	0.0166389559008603	0.356254966127046
-0.168246068875608	6.66138387045541	7.0745534072126	0.0167154410821102	0.356678014855027
-1.16542912647137	-1.72831545859501	6.879205091561	0.0168134651872272	0.357098004729715
-0.272064261180315	3.75551183082716	7.05704950011201	0.0168297792612372	0.357098004729715
-0.265295394935756	3.63702528274304	7.04831003485651	0.0168870973216922	0.357911591886607
-0.249198430588042	4.54237389333825	7.02974634305863	0.0170093913810842	0.359665798812951
-0.567393029978565	1.07556402264237	6.99476104132129	0.0173086204732406	0.364388959806627
-1.94111943938582	-2.20800793585847	6.58396853702943	0.0173564735213691	0.364613288892358
-0.211228727948165	6.07924838303907	6.9770709048875	0.0173623307356247	0.364613288892358
-0.207767090491081	5.57349247371482	6.97487003929277	0.0173772648419779	0.364613288892358
-0.853723317404958	0.127722184748377	6.96122586864084	0.0175185113964018	0.365760589605058
-0.388336902314407	4.7493304710977	6.95293310463821	0.0175269204481292	0.365760589605058
-0.18857730444656	5.21635412349807	6.95264084144265	0.0175288964111208	0.365760589605058
-0.594557472369918	1.25848171218087	6.94086865483526	0.0176320112435904	0.366451766416647
-0.269881286862758	4.82388724220832	6.93695530589723	0.0176368114610499	0.366451766416647
-0.473795126004714	2.04369606469427	6.93678933853156	0.0176397287762453	0.366451766416647
-0.22282609861242	7.28950347840143	6.9322283351024	0.017669447510939	0.366665333772103
-0.207531768621139	8.78512292417234	6.91576548839008	0.0177837490464693	0.367209604222157
-0.328152606223548	3.84178401965907	6.90888987779431	0.0178319460036842	0.367209604222157
-0.177470906720804	6.28722988260204	6.89027722746413	0.0179623844381168	0.368688202019802
-0.19766793621126	7.88610452976156	6.87131005933076	0.0180966403132374	0.369433902844802
-0.16497403354679	7.05982406143648	6.86599704026313	0.0181344537932898	0.369805623678731
-2.15975472189992	-2.55069005020522	6.44616860297616	0.0181805281349939	0.369883174089963
-0.192780861708495	6.07736825458777	6.85722514903596	0.0181970834732272	0.369883174089963
-0.549793920892388	1.98262070710714	6.83630486168552	0.0183490894147376	0.371771078013099
-0.23899626482317	4.55266036341203	6.81834334082183	0.0184777582531207	0.373175539538132
-0.196970168772059	7.78856084519533	6.80802278390457	0.0185529664209505	0.374293695827155
-0.337355204095867	5.94531303463494	6.79818765067039	0.0186250575619962	0.374946062744861
-3.07381879965328	-2.41977451316952	6.68168903941677	0.0186798563409579	0.375248274930234
-0.193465630697194	8.31009452737774	6.77861294961	0.0187694791658325	0.375338424716136
-0.278190257552303	4.0990976026442	6.77442936408263	0.018800698186435	0.375338424716136
-0.515910835916649	1.36769484072829	6.77064196028147	0.0188362540342188	0.375338424716136
-0.24349089215151	6.01530438743824	6.76933224413125	0.018838404028549	0.375338424716136
-0.615160872624049	4.19471592619745	6.76760697003744	0.0188514545052314	0.375338424716136
-0.404634355392151	2.43151725200815	6.75976334983756	0.0189106772609046	0.375338424716136
-0.22398179354526	6.22713462196306	6.75354275213449	0.0189563246753244	0.375338424716136
-0.373775121466099	2.07073505369382	6.75006167502614	0.0189838123822422	0.375338424716136
-1.3959442456748	-1.60982263303373	6.52519374955893	0.0190273838139359	0.375338424716136
-0.194494912039302	6.65580038134134	6.7436388306344	0.0190307189802273	0.375338424716136
-1.36586793873857	-1.87753475568938	6.41423120264263	0.0190518781116039	0.375338424716136
-3.22232057249327	-1.62416903045741	6.93420263305235	0.0191221028549121	0.375338424716136
-0.298961678913365	3.4741232387391	6.71929657614836	0.0192153378297277	0.376385168724977
-0.178859076710501	7.0236043032819	6.7130385934726	0.0192626924646803	0.376921336059402
-0.259706298993644	4.58534385938509	6.70095185254238	0.0193553018782405	0.377949336779763
-0.222059168196274	4.86923598507685	6.6870559281808	0.0194622156389952	0.378870931354856
-0.27444963823365	5.15829711883691	6.68585716755761	0.0194714817920891	0.378870931354856
-0.438511596252412	1.95064671087687	6.68342488089258	0.0194930882498631	0.378870931354856
-0.222176846942703	7.09936078431958	6.67692939810527	0.0195405902384149	0.378870931354856
-1.18838563565828	-1.19866691007957	6.58624015969098	0.0195999258086459	0.378870931354856
-0.43764096528727	1.40968897088918	6.66868095167399	0.019609275393149	0.378870931354856
-0.655946729680237	0.0158593035814083	6.67459135275304	0.0196174603391412	0.378870931354856
-0.334160475131795	4.86901920133999	6.65328309929574	0.0197251032977156	0.379435487270017
-0.252032175543349	4.3434550406522	6.64459077463773	0.0197934856318559	0.379435487270017
-0.2343876604294	4.9373221045742	6.64007609562781	0.0198289812644595	0.37973002395076
-1.67284255863407	-2.00177377930051	6.29564350709906	0.019893356926445	0.380221975602614
-0.198454455140854	7.37592964183038	6.62966002888213	0.0199113187779468	0.380221975602614
-0.276755292815722	6.13235452689339	6.62917827811621	0.0199151413823561	0.380221975602614
-0.996670701146782	-0.960821692809873	6.60616350717519	0.0200426259380112	0.38089613876169
-1.44545193290215	-1.92829118847903	6.28550819734795	0.0201096964404289	0.38089613876169
-0.220404631268366	4.68348846049364	6.6010430512485	0.0201397209602905	0.380967017296966
-0.230091028501852	4.5186733465352	6.5990049784572	0.0201561301628782	0.380967017296966
-0.17773128629827	5.44300287853378	6.58383347603086	0.0202784240924682	0.381748416822583
-0.834826015979209	-0.575742248390848	6.58257734499266	0.0204197846864265	0.382888908197069
-0.217618132737159	4.48184149721403	6.55955653454073	0.0204761228043121	0.383086339793919
-0.278179736592722	3.93609549251172	6.52863396907787	0.020731126936945	0.387124807851462
-0.328263451506727	3.51445643382699	6.50375464161456	0.0209388917116666	0.390286871894434
-0.250328253067956	4.03882037153026	6.49612576137205	0.0210029599202258	0.391094603134472
-1.62589525908656	-1.88964090297398	6.01778122238898	0.0211203118292847	0.392810573755049
-0.335248007149651	2.43445685773321	6.47790359974596	0.0211579552724995	0.392810573755049
-0.162508532380491	8.22788094149588	6.47537756983082	0.0211784103010595	0.392810573755049
-0.323050463115739	3.88932516033194	6.46507635891032	0.0212664580027248	0.393669477237878
-0.397073667897243	4.36110600910247	6.42613408435738	0.0216021659026065	0.39793130412194
-2.36237245887704	-2.29165556666463	6.61662792079535	0.0216812216060447	0.398220918359125
-0.252262987782634	5.39324471830959	6.4129813966532	0.0217168390669361	0.398487096614412
-0.230257606996423	5.70483074443649	6.40931353638111	0.0217489697001292	0.398503895262777
-0.255720221959244	6.23600040656989	6.40564803248776	0.0217811332246155	0.398503895262777
-0.397829103850974	5.72886760040592	6.36272246924168	0.0221619148634159	0.404243577341191
-0.377882819209366	2.470213701633	6.36075234607493	0.0221805705639682	0.404243577341191
-0.184932423867558	9.16963185113788	6.35548895457814	0.0222268164028802	0.40430514735538
-0.26186693643779	3.92667678283007	6.34109084075939	0.0223568959736286	0.405322132824335
-0.180716704185239	5.85587756551208	6.32732476083926	0.0224816406273993	0.406492584138409
-0.251761878833751	5.60774304110527	6.29511031230876	0.0227772078667974	0.408670457432242
-0.192074832672269	7.47410586004708	6.29255233692895	0.022800859215332	0.408670457432242
-2.95144689244296	-2.52189540255452	6.1591587872828	0.0228185684356558	0.408670457432242
-0.438902635095078	5.27691055325227	6.2642663860414	0.0230643753387825	0.411280902917137
-0.255008529621914	4.59517685551517	6.26386397132361	0.0230681861467599	0.411280902917137
-0.363331091528941	2.46508919618176	6.26073021635867	0.023099412846536	0.411448748370358
-0.297204106422904	3.98233649796162	6.25351892499109	0.0231656015912251	0.412238436618188
-0.390788803546667	2.06909261200914	6.22039655274712	0.0234814761071482	0.414927557667856
-0.278478148218735	7.89242334082869	6.21784008306466	0.0235044385975221	0.414927557667856
-0.305353764040214	3.50886209394346	6.21680702278778	0.0235146879683475	0.414927557667856
-0.190077347069588	6.67404804187958	6.20563007993651	0.0236217689470072	0.416427502474202
-0.873016978350428	-0.31607484054621	6.20995656611721	0.0236865727484381	0.416680914898958
-0.410428569752571	2.72474591303151	6.18945352458123	0.0237789523913853	0.417637224356332
-0.177940725401563	5.30307001141196	6.16728065413579	0.0239946688679878	0.417923766257482
-0.16658644055878	6.86346671998265	6.15591033920188	0.0241065073775083	0.419073972013406
-0.282817723047868	4.98417688419078	6.1538004447469	0.0241273569213041	0.419073972013406
-0.241071997788689	3.57707230452796	6.12892700882483	0.0243746317854909	0.421422254599167
-0.684337048526348	1.43999460438589	6.1270879771217	0.0243966019202826	0.421422254599167
-1.23517737028141	-0.545864555311687	6.12671326546191	0.0244926737727969	0.421782585799621
-0.201532601563788	5.51908477995132	6.11681630894312	0.0244956608425871	0.421782585799621
-0.339121369388896	3.84320852332657	6.11408281776565	0.0245233727322502	0.421782585799621
-0.438589682284881	7.2021489461431	6.11347308129054	0.0245292634587385	0.421782585799621
-0.212732573993419	4.1670259243936	6.09279140799255	0.0247385598125135	0.423416917905826
-1.84028549371381	-2.05983846311874	5.7620387588216	0.0248590060982519	0.423584278369805
-0.195708776367863	5.8862181058778	6.0802328415203	0.0248663361620731	0.423584278369805
-0.24443864148218	3.67165764016166	6.07713016659727	0.0248983289920444	0.423584278369805
-0.399240494200874	1.80703873898216	6.07727082582758	0.0248990936399907	0.423584278369805
-0.373970951948607	4.97382980962107	6.07660070137213	0.0249035129466211	0.423584278369805
-3.26182609108128	-2.44472431256683	5.98718039955978	0.0250650651614961	0.424843330777486
-0.216400646119544	5.54644969611258	6.05747885690783	0.0251001305901864	0.424858029141107
-0.316402407035222	2.32684472389569	6.03934992196651	0.0252894569172497	0.425722426764502
-0.253338246332665	7.59127731438214	6.03672263005285	0.0253155817427945	0.425722426764502
-0.525988885785595	1.98652350001695	6.03410748014876	0.0253452578833334	0.425722426764502
-0.238281356060324	4.05001844836969	6.03097755379682	0.025375830111659	0.425722426764502
-0.207870168739388	5.03655011024706	6.02957106842027	0.0253903265710685	0.425722426764502
-0.3429340368764	5.71143082375165	6.01015562520542	0.0255944657670082	0.426795509422586
-0.287398577725253	3.45424730366215	6.00915116109786	0.0256054069174753	0.426795509422586
-0.172586114566593	8.33223783803962	6.00875147845732	0.0256092950863856	0.426795509422586
-1.37071757202523	-2.18663203739403	5.66727088818383	0.0257827865190415	0.427443715453469
-0.28611920879339	4.34964328254885	5.98589447719875	0.025852370209987	0.427443715453469
-0.372610472511698	1.85531304994332	5.9840784530071	0.0258751042970845	0.427443715453469
-0.225103946754588	3.74235052364186	5.98227765469953	0.0258911441697722	0.427443715453469
-0.958751308073368	-0.300377082845462	6.69130571855667	0.0259008729662999	0.427443715453469
-1.04788663961902	-1.66537454508988	5.78885513824619	0.0259427162873965	0.427760015147867
-0.261661210468997	6.32358354033521	5.97233636197239	0.0259975442653822	0.427915948933599
-0.214433708008523	6.51952793179859	5.96872406370344	0.0260364227059938	0.428049856225735
-0.714649154589541	-0.179608947427424	5.97392562300193	0.0260737573452457	0.428049856225735
-0.170880323948159	6.38345267240964	5.92672276015658	0.026493409197322	0.433392232521825
-0.462879927442348	1.12090896448293	5.92538698810915	0.0265140558940882	0.433392232521825
-0.189065198541455	5.95259315096675	5.91882239612954	0.0265803931040614	0.433636799999859
-0.658596213150841	1.44109302488477	5.9189702911052	0.0265835580368425	0.433636799999859
-0.19114968162117	10.0282012362256	5.91663533448017	0.0266045242844465	0.433636799999859
-0.22572353166557	5.18178870024083	5.91298599964278	0.0266448718366595	0.433636799999859
-1.03782366841288	-1.87869982470784	5.67908452729549	0.0266632045343378	0.433636799999859
-0.206412254577531	4.23050164936063	5.9074966744378	0.026705831574823	0.433636799999859
-0.189143709592223	7.53145256534941	5.90336877330838	0.0267514765690549	0.433636799999859
-0.433843937597774	3.14006222517128	5.9029324894021	0.0267569008335338	0.433636799999859
-1.04669344999799	-0.754272296113141	5.89867612262091	0.0269003893991428	0.435555403636079
-0.237701197620667	4.32916580429358	5.88034818221677	0.0270088448289845	0.436936397949514
-1.03424427592839	-1.05187570388073	5.87070647872775	0.0270614398582575	0.437412116577815
-0.8004466337696	-0.125222639175067	5.87390567924516	0.0271779409593802	0.438919092736977
-0.169833320072368	6.08991271446881	5.86131317589544	0.0272235088336481	0.439164077015702
-0.230068554481906	4.51344469453531	5.85976138707711	0.0272412176856763	0.439164077015702
-0.676601910376403	0.479856896411099	5.8610289674715	0.0272754422144688	0.439164077015702
-0.204366065828061	4.99390158119844	5.85578878457739	0.027286237515899	0.439164077015702
-0.225307277439611	7.59519916110558	5.83630910078506	0.0275086708697666	0.441050060956044
-0.238629883609587	6.91966498485866	5.83351519837901	0.0275407475758758	0.441050060956044
-0.783650736989267	-0.297625695752039	5.83909805642624	0.0275559526608194	0.441050060956044
-0.386346725047476	3.3362347635873	5.83125880207655	0.0275670901694945	0.441050060956044
-0.157338289157603	7.20214120523213	5.82482378844964	0.027640805163712	0.441708945261431
-1.23547565397132	-2.060727845814	5.4945854802965	0.027655105993413	0.441708945261431
-0.276605086159333	3.32176407053827	5.81443535195952	0.0277613495990196	0.4423039703659
-0.521580590611379	1.55267234471032	5.79707401923737	0.0279676034548266	0.444923226786932
-0.170807765948288	8.10814701480552	5.79409901844497	0.0279978725651322	0.444923226786932
-0.222317741664876	6.36111069912232	5.78809507526717	0.0280682665251439	0.445666423791068
-0.665045323471763	0.831237351728263	5.78307205251301	0.0281402469116969	0.446002810635477
-0.199354581314869	6.32141668631361	5.78026391569235	0.0281603852763004	0.446002810635477
-0.759374797662863	1.46062441437156	5.74834073758885	0.0285499031703393	0.447766791573429
-0.950895538776672	-1.38295437115741	5.68784520162647	0.0285504369908558	0.447766791573429
-0.33395635493506	5.32502305786518	5.7437222545836	0.0285948497494904	0.447766791573429
-0.295404975820348	3.4289388737508	5.74298268159264	0.0286040918117999	0.447766791573429
-0.170174053655083	5.53839026142632	5.73784869965323	0.0286653906290505	0.447982819747954
-0.178681102381629	5.92866185383447	5.73137711917038	0.0287433476194462	0.447984975607216
-1.34610014512904	-1.98739088739419	5.45455242073503	0.0287614971301585	0.447984975607216
-0.268304893609725	4.82096914751246	5.72714465941334	0.0287945630917355	0.447984975607216
-0.577261713925494	3.17208147046929	5.72606586258561	0.028808024991335	0.447984975607216
-0.179197454148792	5.23233781566942	5.71378323170666	0.0289565371005363	0.448431054077268
-0.213887787560116	5.11750461716369	5.71242006024553	0.0289731325691514	0.448431054077268
-0.197166032109557	5.85106800303459	5.71122053350424	0.0289877312874553	0.448431054077268
-0.196965101611624	6.04357703688585	5.70879874586893	0.0290172513914218	0.448431054077268
-0.19157541716037	5.59334753163168	5.70784335337439	0.0290289118618433	0.448431054077268
-0.234750373905478	3.89604474467737	5.70699922174696	0.0290394559871823	0.448431054077268
-2.23843913452295	-2.57631950940778	5.66311272535964	0.0290572642828269	0.448431054077268
-0.195477513540001	7.4729844762194	5.70411505495902	0.0290744409233155	0.448431054077268
-0.986998507088533	-0.985662782948832	5.69471813656981	0.0292062616779599	0.448995691957097
-0.25383421486839	4.35047509457132	5.69105383674885	0.0292347716653917	0.449067995052349
-0.228279842870731	5.5911365514937	5.67413085878809	0.0294436750340856	0.451174689007276
-0.254079894638102	3.5238907370151	5.66211346103685	0.0295934854260788	0.452246474605931
-0.27497805334034	8.40918376189599	5.66080180418508	0.0296095210803332	0.452246474605931
-0.435604221936926	2.2943193374611	5.64660055808883	0.0297889608333278	0.454142202634901
-0.206290396245535	5.99994490734574	5.6451336078335	0.029805865814664	0.454142202634901
-0.465657013550428	2.54090681598411	5.64202446809035	0.0298461468383885	0.454160614607839
-0.17646725470079	5.58192435420947	5.63463398169749	0.029938276923131	0.454160614607839
-0.642351446518236	0.495750644947876	5.63254393289073	0.0299907027417427	0.454160614607839
-0.191989868766966	5.96089214706425	5.62912596993925	0.030008000287093	0.454160614607839
-0.256340844046689	6.21810750048735	5.62689725673864	0.0300362656720785	0.454160614607839
-2.19637894103518	-2.20717692039234	5.37328093610487	0.0300478421794297	0.454160614607839
-0.31975088328516	7.05362190359065	5.61939242905027	0.0301316746252032	0.454699022764167
-0.175283541029533	5.83414824991969	5.61480296038288	0.0301901984393917	0.454854403484222
-0.252687477940429	4.60198935461698	5.60798878237829	0.0302774007858433	0.455160931751961
-0.250143892488721	4.62651807662966	5.60602707906057	0.0303025334204037	0.455160931751961
-1.59344767155578	-2.07895631786838	5.33920489023099	0.0303442512160605	0.455160931751961
-0.220948443321697	4.50215776386831	5.5981633824662	0.0304035823573912	0.455160931751961
-1.73950215243901	-2.34701963179453	5.47949159639359	0.0305408909157733	0.456434257174913
-0.307225082289872	2.4285045029876	5.58602095412618	0.0305612292218584	0.456434257174913
-0.195305398637321	8.7155547509155	5.5802468717795	0.0306350202215797	0.457174356360489
-0.333039179011605	2.90360019190639	5.56893403649309	0.030782962566013	0.458090063732394
-0.187615136250019	5.96415924478243	5.56418653619776	0.030844322826493	0.458090063732394
-0.154651449654098	10.9004079578215	5.56403973575146	0.0308462379760252	0.458090063732394
-0.202022385953222	4.41125401824044	5.5615743028104	0.0308786588260452	0.458090063732394
-0.241323892251967	4.68348000316353	5.56013293267131	0.0308975060053836	0.458090063732394
-0.418205070353889	1.68098650023627	5.55622448310718	0.0309521750259774	0.458090063732394
-0.631264224215062	0.0105245007853667	5.55824293041766	0.0309947436163125	0.458090063732394
-0.179713140037905	6.75720536815475	5.55147857932063	0.031011092853911	0.458090063732394
-0.209561052165838	5.96014977382901	5.54607198321803	0.0310823649538489	0.458356369160129
-0.528529026647498	1.12690262657016	5.53517903756011	0.0312351266285942	0.459831933083317
-0.342314309085669	4.33792672830971	5.53327956131383	0.0312518972704666	0.459831933083317
-2.07541599172209	-2.41946349343687	5.22455849088966	0.0314593837328455	0.4616948776349
-0.223196390850703	8.37653034943582	5.50870213729933	0.0315801280943869	0.462856220858135
-0.282213000637689	3.45162199960314	5.49089865331489	0.0318211565590124	0.465090748226111
-0.180206437796459	5.20049091448439	5.48595715525062	0.0318875911548367	0.465090748226111
-1.23339917853062	-1.44301267726657	5.39333374636391	0.031946331238519	0.465090748226111
-1.68833818176436	-2.4148297362365	5.67537883376654	0.0320433493698425	0.465090748226111
-0.386634838093889	4.66864750546687	5.47243223361697	0.0320721418016632	0.465090748226111
-0.670735590197771	-0.018002763682873	5.47797007672494	0.0320747135557113	0.465090748226111
-0.191511996290259	7.509635121778	5.44351938816227	0.0324704535534797	0.467993596476138
-1.41193805561072	-1.7007110397699	5.29353892421012	0.0324763063850865	0.467993596476138
-0.205413116351125	5.29185479317175	5.44308809073027	0.0324764681008993	0.467993596476138
-0.20844351614301	5.01466528184459	5.4336702590218	0.032607495339677	0.469523041673532
-0.39829972336101	5.35575940652912	5.42189635156876	0.0327722080577642	0.470770991768319
-0.33515656606665	5.46618634218422	5.40668465666545	0.0329863311038399	0.471867345911799
-0.263369007264108	3.38797340073502	5.40606690038893	0.0329954423611124	0.471867345911799
-0.842954916278296	-0.678067121921465	5.40938336335871	0.0330633710933211	0.47248058252524
-0.363971044226324	5.18622896798727	5.39621388082449	0.0331347087309714	0.473141567594484
-0.172558768235669	7.8648645270445	5.39394814123315	0.0331668788162283	0.473242689191009
-0.192747389951608	5.70688916685888	5.39093274689371	0.0332098011788697	0.473496961176886
-0.186977800007751	7.09464691095454	5.38479804716296	0.0332972985983044	0.474027881856464
-0.159311518146184	7.375957910599	5.38193377166275	0.0333382443483101	0.474096279922637
-0.203551663370779	4.85205610863574	5.37888402228289	0.0333819448182474	0.47415935625497
-0.300507626381035	3.32310111711842	5.36319644114964	0.033607961700646	0.476279938179387
-0.208759796890611	7.19521047585745	5.34675243838879	0.0338459340722281	0.478545776084123
-0.241890726221051	4.84880542616638	5.34522087306392	0.0338683460251447	0.478545776084123
-0.247730459094021	5.86651933613455	5.33909413572538	0.0339576289276865	0.479155964950129
-1.48572091857599	-2.10228027818628	5.06566539674317	0.0339877368978038	0.479155964950129
-0.28574065129648	4.71612553162841	5.3276555815065	0.0341253142169514	0.480019240920473
-0.175791681371468	5.30591468491775	5.32433612155964	0.0341740668966355	0.480346813614929
-0.241955280479816	6.57379345314609	5.32022352778706	0.034234649795167	0.480840058887741
-0.828401538993052	-1.0052828172122	5.29864944000685	0.0342765622923579	0.481070531637461
-0.301678471014168	8.18525908430239	5.31324726202741	0.0343377180780743	0.481346565090301
-0.192325030993429	7.35564956870692	5.31260227925178	0.034347265896811	0.481346565090301
-0.160675963221599	8.00566041521715	5.3007566658039	0.0345231532967489	0.483093650323868
-0.70256158454417	0.432117159211241	5.29688477393126	0.0346090539483205	0.483578210834941
-0.284002599564457	4.44144059443975	5.29104584181039	0.0346682598092319	0.484046916936744
-0.475463149207408	0.886219554414936	5.27584719136068	0.0349103785337954	0.487066915889781
-0.223411902439118	5.78798103556284	5.25570080523495	0.035201701635732	0.48964435866092
-0.147854214808257	6.95023308245477	5.24708192066096	0.0353332367180105	0.48964435866092
-0.244436380797258	7.06398563839846	5.24594292912262	0.0353506622138808	0.48964435866092
-0.179381775405698	4.74475371800834	5.24507863048048	0.0353639578141605	0.48964435866092
-1.80580391713162	-2.66448286673444	5.3730278721935	0.035380687066512	0.48964435866092
-0.55935943116338	1.21554513837217	5.23151491231791	0.0355902800302928	0.491463727826804
-0.224966842725694	4.18953789928241	5.21655105115687	0.0358039701571321	0.492252397284244
-1.33734769646501	-1.83576471031177	5.31591127348587	0.0358854187918977	0.492295748852048
-0.360676937858596	2.19001934640087	5.20767187933133	0.0359435612244453	0.492641404845614
-0.344316941935725	2.79319437787375	5.20570396362021	0.0359734276500557	0.492641404845614
-0.30123834866878	5.12160690208897	5.20466259708792	0.0359889654814853	0.492641404845614
-1.06619004307121	-0.840421805400823	5.20476038655124	0.0360304553187082	0.492851688670626
-0.532201525893619	1.7128511938785	5.19150621915178	0.036198313031217	0.493413297403398
-0.201374395265047	5.79101305447194	5.18854947326543	0.036241691540137	0.493413297403398
-0.285493616053689	5.65297520252487	5.18376570474426	0.0363171209618003	0.493413297403398
-0.229895471086531	4.67143661698399	5.18160859717224	0.0363512521383205	0.493413297403398
-0.16540016398054	7.87944345527193	5.17747435747014	0.03641658561812	0.493413297403398
-0.147020139959265	6.55644850246711	5.1767220257962	0.0364285038954744	0.493413297403398
-0.20069729510227	4.61318315509199	5.17359276108495	0.0364782226546265	0.493413297403398
-1.05017195932071	-1.82275989230442	4.9278183713848	0.0365756583127836	0.49350041147594
-0.175546932111021	7.27287231637708	5.16469349351981	0.0366196342384527	0.49350041147594
-0.222262310718179	4.15533493296436	5.14844013519597	0.0368799570716324	0.495283283207587
-0.878637876308497	-0.554477800262668	5.15017210594837	0.0368908982084854	0.495283283207587
-0.186527632271087	7.1483674875435	5.13281984342926	0.0371317142775243	0.497454209102941
-0.385153155992991	3.33399866897223	5.12547851523062	0.037251262288381	0.497866271954118
-0.156292027061496	5.51568043219352	5.1252368485445	0.0372547663883537	0.497866271954118
-0.325322821565257	2.32432433506429	5.12288088160887	0.0372944410894963	0.497866271954118
-0.987839145622246	-1.38344440991454	5.05525020427249	0.0373664252854751	0.498474455558639
-0.539842107908055	1.18513097186214	5.11557406811747	0.0374187739160695	0.498820022882557
-0.238828182076986	5.89664049722743	5.10325626543195	0.0376140743012956	0.500362682330986
-0.140722997454619	8.21281310201265	5.10058897599849	0.0376579403228179	0.500552377379858
-0.394248649979105	1.74717228422982	5.09934522338399	0.0376814067687748	0.500552377379858
-1.04963606105565	-1.25252213042402	5.06892830198198	0.0377390785115282	0.500965684702995
-0.346526439565626	2.03268159050896	5.08376838572242	0.0379378705886016	0.501781104416759
-0.354090627431581	1.7434447909073	5.07984892816851	0.0380044998634738	0.501781104416759
-0.163952612776173	5.46755992618178	5.07393868185675	0.038099564508697	0.501781104416759
-0.512355512910035	0.446287532674461	5.06167112627342	0.0383336850448817	0.502617340330819
-0.326384523333555	5.65932555140641	5.0593921894284	0.0383431242504399	0.502617340330819
-0.282503529759751	8.95694067878393	5.04635711566492	0.0385628952898947	0.504446528330988
-0.18896998543992	4.56254361967656	5.04322120991187	0.0386160989318238	0.504792428379066
-0.232802142751324	5.75901703038967	5.03765495510432	0.038710436926502	0.505076560632798
-0.206456752129177	4.47022051425668	5.03237408297849	0.0388003941815338	0.505446923904474
-0.594031668905706	0.394668318811818	5.025121781129	0.0389962362013968	0.506253271484479
-0.925327474802565	-0.376020605947595	5.02304051171928	0.0390901970800595	0.506775524069528
-0.720935133640774	-0.666666647295356	5.0137120005812	0.0392395790922983	0.507191894434314
-0.177691120204325	7.37101543360981	5.00307502078559	0.0393031538313577	0.507191894434314
-0.194020667509895	5.60145651364452	5.00301258166692	0.0393042426227262	0.507191894434314
-1.56274368093225	-1.60446721612965	4.82230812088063	0.0393094285724691	0.507191894434314
-0.191640345379831	7.23650657021734	5.00043338696751	0.03934886220514	0.507339431152123
-0.178575723410079	4.73773018041066	4.98615320346221	0.0395970730289786	0.507950921245376
-0.760383856638568	-0.564282562332713	4.98794255311591	0.0396672552568821	0.507950921245376
-0.251625974775807	3.62391056963067	4.98034938014192	0.0396987605168003	0.507950921245376
-0.612734570487375	0.128204982410293	4.98259710176694	0.0397079730366404	0.507950921245376
-0.375951173962919	1.89649087221314	4.97894703196209	0.0397255133211837	0.507950921245376
-1.18136095060541	-1.55099851117754	4.90921585407543	0.0398084973309697	0.507950921245376
-0.22708307081884	6.09225111730713	4.96949838030331	0.0398887240978832	0.507950921245376
-0.135806987052492	8.66376148604993	4.96294341213953	0.040004206449635	0.507950921245376
-0.579378749555953	1.35879074450263	4.96133308196961	0.0400385269955162	0.507950921245376
-2.5712087980892	-2.66718886406438	4.93169006816547	0.0400898347711321	0.507950921245376
-0.137244211378547	7.03082737211883	4.95309866114228	0.0401783811166829	0.507950921245376
-0.491563665828942	1.00061043672942	4.95302431049493	0.0401944657707168	0.507950921245376
-0.23382263241147	5.25135217096805	4.94691955294207	0.0402881820729987	0.508672006989943
-0.198173343642667	7.34293861836535	4.94216169160248	0.0403729045921955	0.509400735332832
-0.276353587004563	3.71002936587384	4.92820337350854	0.0406232019238551	0.510180404981384
-0.221158850006079	3.89797681170984	4.92380473745185	0.0407021444646766	0.510180404981384
-0.538623531579027	5.37598275517181	4.92212065836856	0.0407322106717894	0.510180404981384
-0.853017888918474	0.82007511522509	4.91437710220601	0.0409096324525398	0.511045295994873
-0.257614367822092	4.65414528762503	4.90806618353998	0.04098645551383	0.511666122010176
-0.209579064817927	7.75429679182025	4.88996294895856	0.041316412646643	0.514423426900084
-0.175323979944126	7.13883164531023	4.8837918916941	0.0414296306434011	0.51515301438792
-0.883562412910256	-1.32250280317657	4.8480944458652	0.0415754255348031	0.515267576782517
-0.232452800160753	6.06521708134339	4.86341620979297	0.0418060104198026	0.516090821039749
-0.279691002040677	3.85756795772303	4.85891397712812	0.0418899988168087	0.516613843718016
-0.84902244436959	0.0040015260648467	4.8615263166699	0.0419388668292383	0.516613843718016
-0.526882496388708	-0.0268607918362905	4.85617570577548	0.0420210656956187	0.516613843718016
-1.56270467474265	-2.27516559063538	4.58351850164287	0.0420595968534327	0.516613843718016
-1.31704719917037	-2.01990413783294	4.61134822734879	0.0420970593358633	0.516613843718016
-0.145885605706535	7.48598091529807	4.82783529093133	0.0424727595678253	0.518888383243451
-0.524847287582552	1.33214126972357	4.82242238142608	0.0425814362628822	0.519570353001496
-1.11479397111477	-1.57829754722494	4.73598182194728	0.0425836699220862	0.519570353001496
-0.216858829377682	7.27941790025149	4.81107186743584	0.0427911434673595	0.520809648177614
-0.337935244934239	1.85977996090889	4.80724722645337	0.0428670445960371	0.520809648177614
-2.36837426676281	-2.60915028266426	4.72343995082747	0.0428704948495502	0.520809648177614
-0.168035182801564	7.72325047727471	4.80616357569372	0.0428848863452601	0.520809648177614
-2.14416868408014	-2.69660793360636	4.91165044132241	0.042949023621682	0.520995133489252
-0.479866021290112	0.966459896430919	4.79596561150781	0.0430913016864898	0.522385105213533
-0.562968778975175	1.52500999458982	4.78189337431072	0.0433581150526837	0.524192315431017
-0.1884212580317	5.29484519151884	4.77986421587918	0.0433912534087883	0.524192315431017
-0.239456352997943	4.31456528431552	4.77782786178336	0.0434309383013777	0.524192315431017
-0.184908700361571	5.98076649880152	4.7776132307476	0.0434349037278629	0.524192315431017
-0.294211764221843	3.12559760673927	4.76744154790066	0.0436333874001816	0.525667778165173
-0.180715346274512	5.64630373460827	4.76335724955852	0.0437125930967005	0.52619696463501
-0.294682589511929	6.73847027477205	4.75697249769852	0.0438376150919178	0.526677935918492
-0.180732331499947	7.90439179996342	4.75691577457725	0.0438387257831068	0.526677935918492
-0.222714038294433	5.29494880435422	4.75419468989546	0.0438921547613778	0.526677935918492
-0.861288855590714	-0.441800040516441	4.75950000523299	0.0439408917884462	0.526810145985911
-0.171508916795154	4.90299739659911	4.74922074377334	0.0439899955736876	0.526810145985911
-0.22990939638227	4.75763651932931	4.74795898995926	0.0440148857590943	0.526810145985911
-0.202331668980278	3.85742495241418	4.7293901403997	0.0443828268911683	0.52889060967131
-1.54061917490386	-2.66733334853416	4.48031158849743	0.0444130162603698	0.52889060967131
-0.247701442111697	6.05053884434222	4.72485666583317	0.0444728387780075	0.529057985389302
-1.55305606674073	-2.60775782756768	4.458904951853	0.0446821407730528	0.530292538613704
-0.168737269383181	6.75501745264511	4.71145502784721	0.0447410491256204	0.530292538613704
-0.928272083585057	-0.622535342882301	4.65868780017961	0.0447691155861309	0.530292538613704
-0.147152328765779	7.41285578163811	4.70990967826732	0.0447720960221549	0.530292538613704
-0.278683601307008	4.04375198438421	4.70934320286625	0.0447837573032725	0.530292538613704
-0.569970573577614	2.83010967319656	4.70728194309756	0.0448259804005185	0.530459515868871
-0.15869767696204	5.66581318209341	4.69963463786106	0.0449791788151567	0.531231664155596
-0.718148398483389	3.26749498463501	4.69830045171816	0.0450071196161013	0.531231664155596
-0.768313365743961	0.0719530404624247	4.70201309570631	0.0450077473505079	0.531231664155596
-0.345932339686511	3.89343049015153	4.6532165247245	0.0459288653561637	0.539608514470973
-0.238509529794376	3.12338237740821	4.65257590106591	0.0459423884981383	0.539608514470973
-0.167931848249305	6.46544466799255	4.64980677949396	0.0459992095470034	0.539939694888068
-0.187273555485939	5.36386277393379	4.64829346434976	0.046030619596941	0.539940482206875
-0.89403529223521	-0.783472691892845	4.64887635540464	0.0461260865338018	0.539940482206875
-0.248649310329607	3.11568728938007	4.63839027443659	0.0462372725714783	0.540120352733304
-1.85520149736578	-2.31546422939134	4.5555251723359	0.0462592926210432	0.540120352733304
-0.412985455167776	1.73937986418484	4.63683492472619	0.0462723050425181	0.540120352733304
-0.280919160982964	7.81006371784427	4.63307987007156	0.0463476104893046	0.540330640704421
-0.203186373182385	5.12541271821445	4.61143342657479	0.0468030630895108	0.542622113741513
-1.12445790216161	-1.2573146738929	4.52288309931544	0.046955319408346	0.543493665589524
-1.16977812355474	-1.19358157054376	4.57109955352452	0.0469646755505977	0.543493665589524
-0.164752057604999	5.05825328302824	4.60010787838796	0.0470434076383689	0.543737621496662
-0.267451646053373	9.26715737451235	4.59357390645905	0.0471826762169948	0.544346679804999
-0.188476345637848	8.50386007481428	4.58959139871119	0.047267820128348	0.544643819543112
-0.438733864483676	0.998277653386805	4.58650480753602	0.0473437004506874	0.544871398170418
-0.443117833821808	1.03851353269757	4.58339363073193	0.0474112876288012	0.545009177782948
-0.934127287174964	-0.89084603998781	4.58942018343979	0.0474134581318887	0.545009177782948
-0.224563618749288	6.69777267431234	4.57906415489446	0.0474937470761574	0.545237564644897
-1.10289457695649	-1.29896665205421	4.56369613918263	0.0475978111456867	0.545785361404772
-0.216475311881784	4.42824472858075	4.56181445640866	0.0478668202686199	0.547304294687236
-0.351654878602082	1.67793161407382	4.56163356087737	0.0478742557511498	0.547304294687236
-0.876735741135412	-1.19365115213523	4.55449109008975	0.0479036232027186	0.547308324938147
-0.29095602897944	3.69466966228318	4.54815728024524	0.04816469723749	0.549714552721151
-0.179836791644926	4.55874269520237	4.53825574558249	0.0483815602258336	0.550366033589578
-0.181286546555577	7.85963292836723	4.53743264041856	0.048399539061047	0.550366033589578
-0.374075016882562	1.61207851137695	4.5371368518684	0.0484110676498545	0.550366033589578
-0.702328778029887	-0.311293817879831	4.53953326789993	0.048482452683377	0.550366033589578
-0.28788592971129	3.08311354458027	4.53206317250032	0.0485184205211638	0.550366033589578
-0.154408959109759	5.71305771195472	4.52957455947183	0.0485727564686636	0.550366033589578
-0.268115972884331	3.34515492456681	4.52845614303397	0.0485979260107912	0.550366033589578
-0.856398475904439	-0.097798108920451	4.49742925202606	0.0487388457385751	0.550834521275985
-0.988674349525706	-0.355436336144683	4.52667199677209	0.0487864860525641	0.550834521275985
-0.281142572971373	7.14812237824833	4.51948070874374	0.0487962935403791	0.550834521275985
-0.230910356729108	4.86031747322259	4.50855940232468	0.0490395651931931	0.552969856180164
-0.160207468048115	5.94499151608814	4.50614204554253	0.0490935370857358	0.552969856180164
-0.253474291661256	4.07534760702303	4.50538802644743	0.049110654994631	0.552969856180164
-0.3351074736377	2.43521493423614	4.50448659934616	0.049132029844561	0.552969856180164
-0.237581498839756	4.13003948086708	4.50230864452621	0.0491796035568139	0.553175230704937
-0.178586548177445	7.15387043976264	4.4960074302112	0.0493207751066777	0.554432527316603
-0.190489958282259	7.78561860773079	4.48860466686209	0.0494875336550448	0.555975787573026
-1.33160574891557	-2.00374928745521	4.32920610904413	0.0496491201643013	0.557459139082866
-0.179564423172663	7.68974424501502	4.47833605726419	0.0497199343549849	0.557797175927544
-0.147806089860878	6.15297665432261	4.46748553952881	0.0499668855779391	0.560026953450187
