1.94841032909446	3.52800652042307	84.5236119528681	6.2792077583348e-08	0.00118444695945469
1.91337295218397	1.55413498769952	74.3753591553999	1.53614070879015e-07	0.00134631650936649
1.10766991453307	3.03458151849974	67.8874288487429	2.84756764067182e-07	0.00134631650936649
1.17552514759626	2.79666783394024	66.5793836158323	3.24810901456026e-07	0.00134631650936649
1.21822051026975	7.46432055328057	65.6498292015682	3.56867017273628e-07	0.00134631650936649
1.15601557222576	3.27039914506704	59.3262007092561	7.00867543350267e-07	0.00220341074503601
0.904780341744344	6.84553139430743	57.7332253234395	8.37866647145789e-07	0.00220920874844019
1.76599089345594	2.4220637436718	56.7674406745992	9.36949053041486e-07	0.00220920874844019
2.27764127754208	0.808105078367991	52.8267698277174	1.44238940264672e-06	0.00276038053409743
4.13710755957573	-1.58197592478995	46.5813527653627	1.56200951851441e-06	0.00276038053409743
1.69221893779966	1.19537477971285	52.2682134664277	1.60972198881789e-06	0.00276038053409743
1.23846796624854	6.59188099775133	50.6701215050776	1.94771343942744e-06	0.00305939472909548
3.98966089596574	-1.65023454803982	38.6318528662869	2.10847327987284e-06	0.00305939472909548
1.46992634979978	2.25845399841831	48.5747927996107	2.54830658282332e-06	0.00343347907655688
1.19284753382554	5.02398752844819	47.6183996237821	2.88504299242391e-06	0.00352697278890623
1.69775791854176	5.71625373339261	47.3435620622633	2.99165374662035e-06	0.00352697278890623
2.33355304098101	-0.574561870217739	44.1086588701119	3.20760881365537e-06	0.00355912500305772
3.1941458201641	-1.73993331198253	34.3730288046467	3.43369434837729e-06	0.00359832091630226
0.717599479777929	5.66712411359148	44.6301929434244	4.3195418515295e-06	0.0039205885703492
1.50756736223341	1.72924390540034	44.3546941338607	4.55918066815873e-06	0.0039205885703492
1.0127253760751	5.71195117051445	44.2201348146896	4.57259972155449e-06	0.0039205885703492
3.12977171667704	-1.43841970017795	33.7936288331216	5.08628103602352e-06	0.00417141387750051
2.01766304278474	0.0398147800890875	42.4145973082813	6.08069455763742e-06	0.00449523592693262
0.976413725899199	2.48094140952466	42.0830880219627	6.19605227695744e-06	0.00449523592693262
1.16385285045997	3.88817984445293	41.7854564640576	6.46693329001203e-06	0.00451799120924063
0.74599432629736	8.86320199653597	39.55249851262	9.00394600151561e-06	0.00583420909202943
2.82345580060442	-0.214843391442114	37.712726234757	9.27881422684001e-06	0.00583420909202943
0.588270815472751	5.27992844355677	38.9114620987769	9.92671796429419e-06	0.00595566241919686
0.551593166367737	8.46479300678319	38.7938368663379	1.01071364745599e-05	0.00595566241919686
3.62288811105968	-1.28913506220017	33.4628865906468	1.04191729753219e-05	0.00595566241919686
1.33146912516377	3.39759599848175	38.1850125090824	1.1104603610071e-05	0.00598474679705054
1.19297627858205	2.26243125373152	37.46341716104	1.24378817689846e-05	0.006503573403017
0.743978159922062	3.99014587412723	37.2979711064005	1.27568369777675e-05	0.006503573403017
0.521126799032939	6.22669069891937	36.7944605622276	1.38159640201961e-05	0.00685817182402526
1.71755494063721	1.26824421277211	36.6033131105526	1.43868226796985e-05	0.00695842656941416
0.69010926132601	5.07257571036672	36.365406412118	1.47978187505692e-05	0.00697828137729967
0.810841190196136	2.25590506383195	35.8085068102424	1.62053690936722e-05	0.00745565554180341
1.44581954513118	2.2642254295134	35.285980333082	1.76463193422296e-05	0.00775217598119837
0.982243145685139	4.21403329760008	35.227784360943	1.78030591117024e-05	0.00775217598119837
0.862049355989125	3.16019143834894	35.0997422339936	1.81842363337541e-05	0.00775217598119837
0.53085671082588	4.56574005120419	34.782668994919	1.91596490860563e-05	0.00775217598119837
1.08086650166674	2.01856767258539	34.6121524057771	1.97266843607868e-05	0.00775217598119837
0.72936107367456	7.98330163625335	34.1156922961665	2.14150640498001e-05	0.00804079848890357
0.621342984227323	3.47670802024053	34.0268449409593	2.1739952443094e-05	0.00804079848890357
0.459782729340733	6.42782448293478	33.8995884242844	2.22088060568796e-05	0.00805624439713309
2.2599691629574	-0.993099311465347	32.0660638378729	2.36638142720812e-05	0.00837160402020085
2.03127213871064	-1.4798806825379	28.5514301041606	2.39657857759023e-05	0.00837160402020085
2.58632838091932	-1.51997892237157	28.3470779312929	2.45770930104586e-05	0.00842904919011419
1.09116043017947	2.74301559097243	33.1772298079197	2.51206755904768e-05	0.00846163042255651
0.63393114334628	6.36451118395847	32.1831821280116	2.98266290086208e-05	0.0098637734784074
1.24326013864146	1.62649452253309	32.0849694211685	3.03956294068196e-05	0.0098637734784074
0.642224770268679	6.66608608338927	31.7215037764653	3.23483597280448e-05	0.0100030673696739
0.900828663276451	5.1030857294769	31.6254498386437	3.29029597797081e-05	0.0100104601665264
0.893613731537863	2.58232719802381	31.3378811545184	3.46370841822722e-05	0.0103707828401619
1.83005591485045	0.279652522443289	30.5374291284609	4.10392011789954e-05	0.0119095761821445
1.01299855864104	2.23289339562905	29.861068120356	4.52658387066326e-05	0.0129280702755049
0.520386524200798	5.07897795831392	29.7184606958269	4.64454752668512e-05	0.0129280702755049
0.526909710932218	6.38007254556073	29.6998771993317	4.66049291594302e-05	0.0129280702755049
2.09584017167818	-1.09041269325401	27.5382292202087	5.51900139735032e-05	0.014872131908317
1.0083015158279	1.62457458545263	28.5445409968078	5.79274649872445e-05	0.0151761912785332
0.991082909386784	1.94235586454688	28.3409324401335	6.01732965290857e-05	0.0155486149647691
0.516014748640497	3.71479904599838	28.1154659213683	6.27871112079259e-05	0.0160047740366906
1.04957087887475	4.26580585283828	27.8812014118963	6.5674035473788e-05	0.0165174577485608
3.48986038423515	-1.61729809079829	23.7333362683778	6.9843206486372e-05	0.0167293269169495
0.638920418447968	11.9328829974628	27.5340238780171	7.02307918190783e-05	0.0167293269169495
0.681794684167205	4.31905980869224	27.5247055753326	7.03610913199997e-05	0.0167293269169495
1.17739971581291	2.53831967781445	27.1644646695753	7.55059850698896e-05	0.0175413308185093
1.11025100720448	2.00921255350387	27.1152705551722	7.62545261685715e-05	0.0175413308185093
0.760690777358987	3.04436373421136	27.0065284403352	7.78696049730202e-05	0.0175727138150593
2.09912697821627	-0.251963838669862	27.0156601639452	7.88534552489304e-05	0.0175727138150593
0.588355579179955	5.26571591929654	26.8774860128222	7.98587136793823e-05	0.0175727138150593
0.997401284758003	2.81643310377634	26.8625300596668	8.0117340194831e-05	0.0175727138150593
1.00841989660014	1.60193024521235	26.8038792512929	8.11327463848345e-05	0.0175908850006567
1.07928395034197	3.63810485633069	26.402782715379	8.77530361174815e-05	0.018230988239679
2.59435674479896	-0.430898421412847	24.5032266232067	8.91171157996698e-05	0.0182719147318388
1.81632103704432	0.286024217054559	26.1035019560088	9.26628089104548e-05	0.0187946082201926
1.23535662657264	1.17098333692092	26.0541962978239	9.43683549539963e-05	0.0189369178669918
0.725973593342653	3.08670902391487	25.3925221265119	0.000107621597190364	0.0211465227896024
0.886154266730382	1.8055980243191	25.1210926392416	0.000113844933151487	0.0221387316910979
4.14598468854686	-2.31771771253697	24.0741896109437	0.000115276271652529	0.0221388307994236
0.887531365855348	2.58331606019669	25.0216706097308	0.000116192771517942	0.0221388307994236
0.735643468393288	3.27447420690027	24.9193364214895	0.00011862189154204	0.0223204897168928
0.74991637437651	3.30489124243875	24.8832090340858	0.000119512774288617	0.0223204897168928
0.714714314270325	4.15306050282447	24.6695541584427	0.000124928971709719	0.0228789824598099
4.67172074897341	-2.11777348888013	33.3983540964967	0.00012828905818772	0.0232684279287978
1.07252730804933	8.44412349056645	24.2961714581174	0.000135077049200546	0.0242662702768561
1.1311436199983	1.69496756696998	24.2011728780925	0.000137926940829772	0.024480203656366
0.450976094183797	7.72601149471116	24.1649330097696	0.000138863478303089	0.024480203656366
0.991306172283458	1.30190178833686	23.9183388074443	0.000146499202796327	0.0255871709476585
0.780756754531754	1.63671774343391	23.5168189619146	0.000159531334608459	0.027607702428618
0.754192668361383	3.81066362925051	23.3670148320707	0.000164628755132565	0.0281998490095218
0.778676685111401	4.60359852067088	23.2560206822708	0.000168611355423959	0.0281998490095218
0.558571970292956	4.72063852700722	23.2471748904122	0.000168932987227692	0.0281998490095218
0.986865220317037	4.70508352934359	22.9863268512034	0.000178767121018397	0.0293842245138569
0.462746367276996	4.99989147554346	22.9641451873337	0.000179628221511307	0.0293842245138569
0.649768056172716	2.96780834415215	22.9375815411708	0.000180701375370164	0.0293842245138569
0.385338105528836	6.73287321750456	22.6718443765283	0.000191481212925966	0.030609407791716
0.783848730008551	7.31650098700695	22.6237534804883	0.000193514327421036	0.0306744601524621
0.620012529081598	3.07848642992185	22.5754587016955	0.000195602254892845	0.0307470444503645
0.752872480922674	5.54011400659164	22.4597385448158	0.00020063349593747	0.0312772697013925
2.05789477282327	-0.745479235977924	21.7687324319749	0.000208019716408226	0.0320548358155483
1.78762558897172	-1.05293403458384	20.8196610019057	0.000209020028909105	0.0320548358155483
0.878587615918667	2.68276809528474	21.7293986038408	0.000236159332425128	0.0357098385143275
1.8788819143339	-0.549146284516273	21.6459328909763	0.000238532558596473	0.0357098385143275
0.420709114400735	7.44818282981617	21.5756501576787	0.000244450272078928	0.0360535051149107
0.8841023258875	1.90817630231508	21.5637025215849	0.000245229491643776	0.0360535051149107
0.494928022403598	8.45019326424732	21.5376348142104	0.000246562167196283	0.0360535051149107
0.635560964278754	3.9653599992801	21.3864191998868	0.000255179697819681	0.0367028299578255
0.548580092671985	4.2072907043238	21.3578861944548	0.000256840033633726	0.0367028299578255
0.351387298629275	6.43588466230612	21.3110249830012	0.00025958470410382	0.0368161373948148
0.491902352426934	7.81337197193826	20.8164681538007	0.000290775805324538	0.0400357957360347
0.469921681216858	4.84783737221076	20.7459406312341	0.000295559652936892	0.0403995777778884
3.50379655998212	-2.03773020283796	21.0113387981786	0.000301651873537346	0.0409356783491723
0.913027926129303	2.88548254578362	20.22416222885	0.000333856474586328	0.0435706513474872
0.588042635751441	2.68792189753569	20.2105635582587	0.000334927871779973	0.0435706513474872
0.625888161407233	1.89600825585736	20.039140666215	0.000348824827769627	0.0437057707845028
0.995591008994252	2.59610546825883	20.0359378849205	0.000349012933231652	0.0437057707845028
0.96005300653599	0.59607210425268	20.0443414969286	0.000349476654953538	0.0437057707845028
0.512611967354432	4.7712144133043	20.0248855374797	0.000349868599292792	0.0437057707845028
0.554644971920279	8.34242077401491	19.8308784682686	0.000366326661531634	0.0454606566873106
0.396059927340798	7.6652515494285	19.7030908199758	0.000377647081592102	0.0459584316133666
0.731544755868408	3.03935913662138	19.5523151857246	0.000391553178788488	0.0467459975410585
1.19223742967004	1.23707667376141	19.4522889255375	0.00040239114661094	0.0474951761877514
1.16945071357025	2.20538052636621	19.2573340082064	0.000420461067183288	0.0485762955782404
0.883492550162171	3.30989849745945	19.1524083348154	0.000431177754105203	0.0489958191306413
0.32415828691158	6.50420455946231	18.9728559554399	0.000450386514708475	0.0500171127859761
1.53272851043216	-1.05757678319648	18.1261906724797	0.00046187642768932	0.0501922131183524
1.50044833517001	-0.0460503087241558	18.6472449373859	0.000493206199878314	0.052859934933549
0.45006757447437	6.06195138877643	18.5178563468167	0.000503625121791469	0.0536716422166807
0.786724883864298	3.32956305783216	18.4306867326851	0.000514648784511776	0.054538314731717
1.52167271189757	0.582175432721613	18.3651689800726	0.000526533282652371	0.0554860184953725
0.554477355985809	6.45876972446717	18.2134622978611	0.000543184068959134	0.0562971488614074
0.460598399525007	3.75890773165707	18.1323754460551	0.000554329718675894	0.0571383687616579
0.58061285872455	2.6929055513529	17.93762716916	0.000582141111934122	0.0593563664562883
1.47358099754439	-0.139791610548249	17.8697202556369	0.000605210257807015	0.0613767800699662
1.16092738489281	1.57173866720631	17.6995196861233	0.00061864874035456	0.0618668664778585
0.853260539884082	4.5100815018131	17.6845707027566	0.000620527456301172	0.0618668664778585
0.367584827485804	4.30279823424614	17.6693090889156	0.000622934659496481	0.0618668664778585
2.37196468049239	-1.57590694432857	15.9615132358385	0.00062316199071161	0.0618668664778585
0.79058423098055	1.20517406465039	17.5496007160881	0.000642841412933357	0.0634864794354026
0.671723130022301	2.29347679962635	17.488503447347	0.000652429471216345	0.0637656845365488
2.23720974457746	-2.00050031571442	15.4251648090497	0.000663725566517843	0.0645353369135365
1.12808668071078	0.293986086466167	17.3574809698206	0.000679072329488769	0.0656889300058802
0.898875982898363	0.756277993504758	17.1030605714754	0.000722940041230694	0.068414119123518
0.504844931824395	4.26646484231711	17.0806861177184	0.000724348694438322	0.068414119123518
0.400393405817196	8.37227125797482	17.070177358577	0.000726301973951545	0.068414119123518
0.423213588118818	4.90988958230459	17.0468120183611	0.000730712838965598	0.068414119123518
0.669109980951092	3.10286967598729	17.0418273040437	0.000731722293784659	0.068414119123518
0.504911415109211	4.88863586510072	16.8609129339544	0.000766860331534005	0.0702228440325786
0.61594008295303	3.06796020241823	16.8610643427892	0.000766893170265132	0.0702228440325786
1.28599712842862	0.716094696694797	16.8040550173689	0.000781389735746745	0.0708622816605329
0.787062521633788	4.1840482563612	16.7313388103049	0.000793265184834548	0.0715950295767181
0.772317164263792	1.37312799193049	16.6859074384608	0.000803391926534256	0.0721637233819793
2.35610404828234	-1.89556315111749	14.7013666001258	0.000820582036071972	0.0728125427966086
0.415719737117727	6.82980349098949	16.5813507103167	0.000825059519975993	0.0728125427966086
0.509066450807898	6.18172097891266	16.5767639274985	0.000826055460874423	0.0728125427966086
1.50636458664842	0.305756144868572	16.4485412017243	0.000831110902518217	0.0729174183916331
0.535390488074095	4.57672875851579	16.3265749263808	0.000882474491521437	0.076193007173827
2.17609024035768	-0.692655943575546	16.0170374664415	0.000902384860549781	0.0770212019210431
0.516431194747858	8.68655890684313	16.1538435567954	0.000923930386867142	0.0781529098093045
0.571350493395886	4.48190179052737	16.0641871319605	0.000946330768699823	0.078985120752145
0.578303039683785	2.11586658894437	16.015037173186	0.000959083671327417	0.079336168242223
0.54500979531145	2.91499810085564	16.0047426797863	0.000961592474327411	0.079336168242223
0.624838942866199	5.91005049303627	15.9785213692652	0.000968278786820896	0.079336168242223
2.74745830214695	-2.31847754084162	14.4617726913754	0.000970257791631754	0.079336168242223
1.37303571231852	-0.533911545624593	15.7743550146102	0.00101677926593842	0.0812690987008326
1.57070819293357	-0.917703090089973	15.6562372612926	0.00102482614843145	0.081566648261023
0.913743479024102	3.19937116286714	15.7399537575998	0.00103258949752739	0.081839225596047
0.899650430091452	3.09055604899435	15.672348827402	0.00105167088337495	0.0830027944481245
0.622899889079242	2.82274553392137	15.5279913057935	0.00109377146212548	0.0849045723871316
1.34479902284341	0.163579199182254	15.4758111525551	0.00111414119668981	0.0857797771149386
0.737069772326859	3.40136572938265	15.417161936009	0.00112727359315215	0.0862775370855544
2.30891156371066	-1.84046859475305	13.7009580921171	0.00113430280866429	0.0862775370855544
0.501334649723863	2.90775891478097	15.3853953329396	0.00113714488859354	0.0862775370855544
0.832999545639586	2.84001628723286	15.3798285493441	0.00113890191031665	0.0862775370855544
0.358070669265949	6.58578782675512	15.2529615612753	0.00117910854443555	0.0886116512895924
0.255184828472185	8.19131920340838	15.1591681541779	0.0012099539656714	0.0905688954542046
0.417346649293878	4.27951807943156	15.1237599563701	0.0012218594185471	0.0910985541978416
1.54646719961199	-1.38982677909699	13.9679504304038	0.00123717167191875	0.0914792595425505
0.318919450638692	8.09506437402027	15.045524525461	0.00124855136986747	0.0914792595425505
1.28092665642849	0.490732904374275	15.0641230526059	0.00125223114573018	0.0914792595425505
1.40603505479885	0.110003552457881	15.0793682595431	0.00125592564395615	0.0914792595425505
0.979134602824511	1.53522489295576	15.0237302691892	0.00125681427834701	0.0914792595425505
0.355382060833274	5.45400243023772	15.0099662440627	0.00126091329486631	0.0914792595425505
0.965979913985585	1.99784874232803	14.9866034618682	0.00126950866505704	0.0916891427532107
0.856112944721213	2.25353512655642	14.974859211032	0.00127352782703394	0.0916891427532107
2.17804504305383	-2.09912807372689	13.1672466786933	0.00128911501857196	0.0921082446792535
0.536419480407968	4.67417998135179	14.8172091654243	0.00133037879970917	0.0939885217187793
1.65121770911502	-0.934293855151036	14.6581190286333	0.00135751676850786	0.0955479059864321
1.51948937719445	-1.32599905291269	13.6914569152269	0.00139749560398151	0.0969152925658204
0.409495774924655	3.61467536334397	14.6226836551406	0.00140489252061184	0.0970713832098944
1.41420610445323	-0.303471770128733	14.6353626584321	0.00141462696029705	0.0971341933961518
0.438180441140175	13.2149735369325	14.5635640444505	0.00142839391724441	0.0971341933961518
1.00277662866079	0.0886525547500143	14.5169874627367	0.00146173773270832	0.0984014327833904
0.809687882863374	1.12653675169384	14.4761858166444	0.00146531385984731	0.0984014327833904
0.957207822982323	2.58658638160426	14.4727229807213	0.00146587513185245	0.0984014327833904
1.00608927108892	1.55618840433136	14.4397364076577	0.00148018438395577	0.099009638420417
0.570228008548912	3.29965917034024	14.4213972993525	0.00148695941782655	0.0991113621853787
0.571730741897179	6.23148587291948	14.3840130468957	0.00150271085021683	0.0994583676057544
1.46402924062151	-1.10600935117264	13.5505476576545	0.00151365284103076	0.0998322851061652
0.742627766108878	1.2527743196561	14.2750423152285	0.00155128494278398	0.101957797476426
0.492203084035948	8.58052280997413	14.2490567588049	0.00156143774002011	0.102083610666391
2.24979831180276	-1.86173472169983	12.7528756425423	0.00158515954788832	0.102083610666391
0.937587549632827	4.5614307351558	14.1956268026303	0.00158542418376304	0.102083610666391
1.70461278792683	-0.782829553239452	13.8035743629461	0.00158567024997363	0.102083610666391
0.425514231119884	5.02327578484544	14.1768861238878	0.00159390514839645	0.102264737463273
0.283085618166278	6.88246489301091	14.012326113074	0.00167080467375355	0.105759693157762
0.566988589442728	3.35874267469209	13.9159146950721	0.00171791080056389	0.10767039004329
1.90937656462865	-1.74328997857586	12.9223383854536	0.00172382218062204	0.10767039004329
3.07083749632582	-2.61073098455367	13.1713810418585	0.00179640174904452	0.110964853518379
1.03267442403759	0.287331535647084	13.7685631735078	0.001811046923852	0.111276150243062
0.48006702218411	2.50625760931787	13.6760926564189	0.00184157922228766	0.112784769058481
0.707297392253832	0.857921466354124	13.6024682429092	0.00188353151954329	0.11498076068979
2.35528350555905	-2.02448763929991	11.84845009988	0.00190732072292574	0.116005921104063
0.474449353151346	3.09795695666151	13.5458583332161	0.00191262479262915	0.116005921104063
0.563955695982605	2.05817368000367	13.5057450043382	0.00193550904265582	0.116991146256799
0.722469029255564	1.77857483157563	13.4958143456851	0.00194127279745417	0.116991146256799
0.427240840331853	4.12453383945673	13.4689791930448	0.0019560603639917	0.117133862368176
0.67520542556193	3.03052887534377	13.3993982602736	0.00199650090762553	0.118731149253422
0.883730646891701	1.8089692882825	13.3957109236397	0.00199912244837837	0.118731149253422
0.520790137965491	2.89934606526124	13.3906786326486	0.00200161721160941	0.118731149253422
0.537597250993484	2.15223767923785	13.3640796026872	0.00201754034071237	0.119226368047911
0.393328414070704	7.47531630978625	13.3376187347548	0.00203295254991077	0.119462878345691
0.249747261604221	6.96549892393468	13.3267821625454	0.00203945012300429	0.11947250829264
0.305675441748597	4.92953235318877	13.2956073558747	0.00205828283835712	0.120202443281518
2.74764147143878	-1.94547436161174	12.35173247357	0.00208377727887105	0.121315712380693
0.854098540249663	0.112635876451259	13.2594698926202	0.00209644796057362	0.121677839631693
0.544874839149476	2.93293130778716	13.1926444950272	0.00212199335144378	0.122782701191055
1.67939178889229	1.31298319975653	13.1998716895083	0.00213028494685933	0.122885519732745
0.913162365319856	4.71400466126767	13.1372486322557	0.00215699368561852	0.124046865523848
2.19022705321503	-2.16381008535679	12.0681397015587	0.00216442255727802	0.124095752881262
2.40000209354765	-2.02415346762454	11.6219090690792	0.00225546395193212	0.127269677923956
0.63826141993764	1.53563820835325	12.9848045797433	0.00225809827979833	0.127269677923956
0.362468321675556	4.72698821328964	12.979541388959	0.00226059953763595	0.127269677923956
0.428923436571704	4.05595410235657	12.9507429530586	0.00228015561670433	0.127269677923956
0.368652390130168	4.79968886231515	12.9170933984871	0.0023031600219656	0.127269677923956
1.3812193584062	0.67071317267646	12.9273894834127	0.00230373047085074	0.127269677923956
1.29330702616971	0.906279421124626	12.9281870032207	0.00230571531238115	0.127269677923956
3.10989403943116	-2.63609169224013	12.323205934729	0.00231437455402605	0.127269677923956
0.502712192793518	4.35349889100209	12.8969358325734	0.00231711836497485	0.127269677923956
0.413175414719236	5.18750573684128	12.8851910370544	0.00232524793001212	0.127269677923956
0.958613402181712	0.506760209664512	12.8870110735511	0.00233079909104009	0.127269677923956
1.75698812868018	-0.928559781395198	12.8010960965858	0.00234148526054197	0.127283678586753
0.511135074558595	2.8793513173528	12.8041403944866	0.00238263574882849	0.129148442902735
1.59071614960223	0.271570769246788	12.8122133410118	0.00239211630263951	0.129290801767018
0.640348073634922	1.89820891218978	12.752406660253	0.0024203659209359	0.129737627317005
0.459143010618366	5.85043623505031	12.7042976501266	0.00245514280973451	0.130363568421865
1.89854116012107	-1.25741917650495	12.0989822578157	0.00246151874863365	0.130363568421865
0.419230332839577	6.7483014575567	12.6879836662072	0.00246725303115123	0.130363568421865
1.59738910054895	1.69440481651775	12.6674225621444	0.00248720381188538	0.131050629898307
0.311680178430133	6.97702003404756	12.5922465671959	0.00253969973432599	0.132608715594733
1.23716193885737	0.0785584486378063	12.6052979658606	0.00254890067391718	0.132608715594733
0.600360519188176	8.01364804111821	12.5784796881657	0.00255031314919449	0.132608715594733
0.897188601102367	1.50005882011845	12.5775354923456	0.00255240762116556	0.132608715594733
0.327999173453093	4.95829501047406	12.558279976842	0.00256598532535002	0.132608715594733
0.473031251071986	4.50687670667834	12.5223640140342	0.00259412113109709	0.133696466928646
0.752187162034636	3.44139002901134	12.4707281733406	0.00263525459368727	0.135446341691343
0.667021112432729	4.58043482678619	12.4413953536326	0.00265881389462717	0.136285887212914
0.697769578898368	1.72244683676771	12.4002425564156	0.00269315981827019	0.137672286319866
0.489267577279361	3.03535990351589	12.3787414792786	0.00271022012440406	0.138169951909821
0.461843473306853	3.53427435684633	12.352666913936	0.00273183311022959	0.138896409590999
0.349933789419722	5.98964015404129	12.3063405204655	0.00277073906465032	0.140119171518764
1.69449906379738	-1.57599554282057	11.2298751980175	0.00281024238798902	0.14117387602685
1.06772058340395	0.891006501340693	12.2625885737387	0.00281381374874863	0.14117387602685
0.739960591911811	1.92891225851103	12.0939021357839	0.00295850388160071	0.146559622488213
0.992349137268663	1.59144839486415	12.0590759447255	0.00299104700581829	0.146926037138905
0.460158021592161	3.69962277592814	12.050288980347	0.00299801168999029	0.146926037138905
2.02844393079897	-1.70794068124981	10.9817807827027	0.00299862074490612	0.146926037138905
1.22956733272206	0.0728849291482751	12.0237937217742	0.00304885455981843	0.148991045497034
2.66728123153762	-1.98552170064177	10.778876041522	0.00306701629511851	0.149491287790234
0.502432058395829	3.46475850727733	11.9436827233534	0.00309879068829242	0.150650744209433
0.983076611347604	0.442160004292485	11.9415847461029	0.00311673929634467	0.151042401394376
1.13960214495791	3.8257988225021	11.8781286679192	0.00316262537968563	0.152574431040947
0.335067949287711	6.08096796697196	11.8650719690619	0.00317537232685554	0.152798592350704
1.03201107416101	1.01737494715067	11.8283344268295	0.00322310070517156	0.154307991374749
0.758419233768823	2.64950487221945	11.7960255105478	0.00324480323591667	0.15495373022556
1.12490443595694	0.59117771074917	11.7568435397183	0.00329391166663297	0.155721944279944
0.673902685820003	0.754976773588558	11.7219325624511	0.00332495193893586	0.156728923808787
0.61850882463043	3.09496063954464	11.7113757608289	0.00333182942518813	0.156728923808787
0.626412074238971	3.31729007858715	11.6738331404462	0.00337126526676512	0.156993093927667
0.517782636136334	3.8108201350285	11.6654411720522	0.00338010135042247	0.156993093927667
1.53137178944577	-1.61983843337753	11.053263469796	0.00338724821603553	0.156993093927667
1.26284757376233	-0.623409442489762	11.6865032923989	0.00339484903915286	0.156993093927667
0.961306912548967	1.16993477845928	11.6534761056859	0.00339654447409097	0.156993093927667
0.863288634161928	0.397763437081184	11.6573665742074	0.00339856427862645	0.156993093927667
0.296960097577229	6.66037262662655	11.6362231745806	0.00341120637860339	0.156993093927667
0.318643822833417	6.21124429292235	11.6343818527245	0.00341318294016538	0.156993093927667
1.03394637712189	1.00968053644248	11.6364498884417	0.00341710718009655	0.156993093927667
1.32843871850895	-0.347339133687159	11.6633195304309	0.00342067336077353	0.156993093927667
0.677473848783788	1.5101711475887	11.5727446635656	0.00348143516683998	0.159008018285963
1.14743453205682	0.159316358984576	11.5123578900395	0.00356792766148249	0.161395250548068
0.459032866571294	3.79447701425945	11.2679732424895	0.00364694256499359	0.163463656676608
0.386311026678659	4.63586659106685	11.4234951283469	0.00364831678210528	0.163463656676608
0.865648591210616	2.81700159496222	11.3626703183504	0.00371970910861258	0.165874404056168
1.12651132039854	-0.168599759404832	11.3605051245513	0.00375262093252561	0.16620647609595
1.51999120551374	-1.16084769545587	11.0198953819161	0.00375358950415495	0.16620647609595
0.347615573616224	3.5563717239891	11.2924697680519	0.00380364903896541	0.167636685324812
1.31098906741754	-2.08111064300343	10.2590396754887	0.00380928809968509	0.167636685324812
0.539571358957606	1.40447455280024	11.2759106626936	0.00382523324491889	0.167803196974198
0.522897564484704	2.77586645261661	11.2522605980217	0.00385293402677527	0.167847331517464
0.367688990148112	3.69104387380318	11.2268464587352	0.00388419945318236	0.168513049947785
0.447387866060889	2.51786950182878	11.1537667489651	0.00397641542894727	0.170408791195698
1.01571083017048	0.022726142910323	11.172038589707	0.0039930385256056	0.170408791195698
0.504641212776988	3.18304053213956	11.0831363925168	0.00406752159199787	0.173195620293128
1.03865052358777	0.459846891562807	11.0839967162599	0.00408284370478778	0.173456488295973
0.628102701637192	2.8345476127508	11.0137653337035	0.00415952296781109	0.175303739490181
0.787281574008783	0.71284350706809	11.014319513858	0.00416349866360605	0.175303739490181
0.848279444694987	2.41801969862027	10.9782930571032	0.00420765431120133	0.175628679031385
0.490952907443874	2.32599869910796	10.9774255733282	0.00420889034907298	0.175628679031385
0.559709332187961	6.14525113815584	10.9704988420641	0.00421776979278045	0.175628679031385
0.565818623371993	2.09008132256122	10.9588839865429	0.00423428649523875	0.175862554693585
0.844483105964157	0.327758434565242	10.96317289426	0.0042420326769645	0.175862554693585
0.296574723218896	5.95768337530442	10.9323783076764	0.00427010145725783	0.176251474372548
0.281697818578471	6.93487411477853	10.8942571718077	0.00432316650604867	0.177278021312165
1.538512246125	-1.75991883580132	10.2878505684265	0.0043616750636957	0.17846914691213
0.253077374497715	5.42718627023859	10.8448057016843	0.00439312242528114	0.178674414527311
0.227525408306088	6.7168117005125	10.8434125560912	0.00439510832532854	0.178674414527311
1.60693330716767	-1.44184118746236	10.0053872062339	0.00469505467275981	0.189278642855146
0.603051031962911	1.21147461132041	10.5723772304733	0.00480538809331759	0.191636438909619
1.53695966909539	-0.620803173023806	10.4392346962032	0.004855763033097	0.192830017038545
0.286840836112499	5.43763645389555	10.4763025930548	0.00495657863931266	0.195598206848023
0.667958280767392	2.71048478311834	10.4370272150832	0.00502168126376903	0.195731533293071
0.506436769305193	3.9821354367703	10.3595300947661	0.005151932809347	0.199196169073306
1.25582860197147	-0.806045138656912	10.1664592377993	0.00517184535023503	0.199196169073306
0.35966336219983	8.16362559784626	10.3463019849291	0.00517449764819518	0.199196169073306
0.590093368255737	1.19865843539849	10.3459082341208	0.0051776174470923	0.199196169073306
0.572440009758189	2.64566106994779	10.3403946894269	0.00518503520198236	0.199196169073306
0.281849153602418	5.78779115187999	10.3266778562822	0.00520832847149921	0.199279310259411
2.0226514185305	-2.32325012358708	9.19016103576549	0.00540630294094729	0.206018368434523
0.381809956390781	6.54051358307869	10.1959573667205	0.00544014749824011	0.206890125522789
0.867700483266258	2.72973135624121	10.1899597730295	0.00545144485433117	0.20690262432042
0.525991969485811	2.90990520344656	10.0801357483949	0.0056557407055701	0.21167507327216
0.733243537692626	0.685519067662785	10.077357037813	0.00567031589503752	0.211800334115035
1.42795811382148	-1.15027650634752	9.61949590450557	0.00569026232959676	0.212125332654513
0.537571763224218	2.35252439541642	10.0561341209237	0.00570166889694901	0.21213132229418
0.676459762845855	1.54643006176459	10.0276275230111	0.00576070446250731	0.213485595827653
0.494616550551678	2.93719241249399	9.99487059716054	0.00582016101584845	0.213854756733822
2.190245372934	-2.02472704375013	9.20756598698189	0.00582146025894298	0.213854756733822
0.410326218586359	5.6401852125544	9.99066499118828	0.00582815599946994	0.213854756733822
0.303612944646586	7.32194421513059	9.97491556321891	0.00585918813833827	0.213854756733822
0.434388468150606	3.87264944246803	9.94652229087936	0.00591572143571101	0.214592795080417
0.321358948310442	3.99835085097693	9.91810505244673	0.00597280830058562	0.214936975177914
0.959306219879983	0.0397091116969078	9.9211891230455	0.00600513217488171	0.214936975177914
1.26839269153726	-0.404323148809569	9.93027972679304	0.00601636658505745	0.214936975177914
1.00618460943098	-0.345359806585597	9.87849965856915	0.00609010291143582	0.216750209846064
1.39216240723122	-0.894038938829454	9.70796422411674	0.00628837879026845	0.219925015544299
0.685274007285345	1.48980638855441	9.75302035941382	0.00631921531172189	0.219925015544299
0.367645427101352	3.12615857259614	9.74392983867063	0.0063367628540427	0.22012957222064
0.740322591184881	-0.0830514011749565	9.7460923103589	0.00636886680204087	0.220838114865619
0.735490438936569	3.5008407464238	9.68921857519158	0.00645621222075467	0.221434528108605
0.760118256421701	1.13254621947722	9.68957052888006	0.00645938714616949	0.221434528108605
0.273301912983048	7.28640303582724	9.67357938232227	0.00649055218478124	0.221434528108605
0.319837606088824	4.17433588900565	9.67146592386757	0.00649533719013887	0.221434528108605
0.753160886822822	2.71711287666235	9.65646383725541	0.00652911148231058	0.221434528108605
0.570074536884588	3.74555592974506	9.65586895152233	0.00653012645109982	0.221434528108605
0.440718218263547	3.94887686976891	9.65103779094718	0.00654097665619254	0.221434528108605
1.1942757185545	-1.36790591735925	9.50175150280017	0.0065504143924403	0.221434528108605
0.864556679763633	-0.234290682011478	9.64082692639281	0.00661545842062467	0.223233259728521
1.54893213428333	-1.45893813110477	9.19574285335068	0.00663834987650606	0.223605703072382
1.21206248577961	-0.484836396865296	9.51601527163441	0.00688336619426987	0.229806967296483
0.768800100196116	5.04493117525704	9.48354144373495	0.00692823102528667	0.230806079434583
0.524634519069964	4.2374801010815	9.4795845020522	0.00693776424955778	0.230806079434583
0.419557714455655	2.91120591433165	9.4729587520986	0.00695394087177202	0.230936948352528
0.339690329428265	3.95571124046594	9.42676288303691	0.00706550550997881	0.23291561274315
0.684107451175679	0.977800235866211	9.42049681276064	0.00708478588002278	0.23291561274315
0.250558676414451	5.2774896504609	9.41768353051015	0.0070876086367263	0.23291561274315
0.961294219346487	-0.343071941647083	9.43142714339361	0.00711445313580903	0.233391181740462
0.3974038173198	3.49462829968834	9.38307915174617	0.007173207512071	0.234502969324429
1.72496330668695	-2.0826423356234	8.6551996319508	0.00721685213319851	0.235214144274671
0.349337668296676	3.92633825647574	9.36432868317842	0.00721990083947593	0.235214144274671
1.73848760315544	-2.00579998959319	8.67815008144925	0.00725218696828908	0.23585862548765
1.06491532795058	-0.268916861005919	9.30024021703744	0.00728326443796315	0.23605535583041
0.750650054404285	2.04906259935382	9.32532167659897	0.00731960703608915	0.236826325080188
1.86108914169804	-2.26966166480525	9.8216138451521	0.00734760440913433	0.237325106112159
0.580917226494725	2.18652788772837	9.27940934844673	0.00743676554211594	0.239754289973859
0.518952341646516	5.45438374937241	9.27467071142443	0.00744823272674978	0.239754289973859
1.42277792850406	-1.3548379342928	9.08971370995585	0.0075396746287429	0.242284297311716
1.12956042218668	-0.128642876904519	9.24422205368827	0.0075708647547085	0.242872826306235
0.928042892675658	0.235032741741375	9.22728492614578	0.00759887144183486	0.242944935605646
0.557282502228768	1.79839757667938	9.21081741643554	0.00761781244851736	0.243044920709567
0.57671908854922	1.83557954574547	9.20063869491449	0.00764480276310785	0.243044920709567
0.6559472459861	2.01201884178693	9.19833350284038	0.0076502114374592	0.243044920709567
0.446092890814466	3.28983262457049	9.19678933858428	0.00765353776713582	0.243044920709567
0.769665943161283	0.836791865298683	9.18058956042822	0.0077061828610273	0.244305424046316
0.25954744826692	5.11320845350436	9.17091913699845	0.00772287552284964	0.244423827160256
1.08133616881846	-0.317580278210388	9.17055924077363	0.00777056781236721	0.245103357661711
1.72015677469031	1.21095205671872	8.71548911372587	0.00778332774422758	0.245103357661711
0.640949480599043	1.2656190379376	9.13814829704436	0.00781525782348685	0.245558531372699
0.690465023152841	3.69036231781516	9.10091763853382	0.00791482368139204	0.247590910617078
0.292069453478636	5.26368462920727	9.07998001613467	0.00797305918346645	0.248177913164567
0.29587865272042	4.17047732200649	9.07471136156809	0.00798793076970381	0.248231199520466
0.522509241747595	4.02068188082539	9.05495380378165	0.00804364196973593	0.249318057958152
1.77212988934821	-2.2555984546433	8.48239790562748	0.00804933983441206	0.249318057958152
4.23483272575458	-2.60770038999693	9.11271457564622	0.00811061233046709	0.250393584925697
0.305813843835107	5.19027413594422	9.02257492754144	0.00813571210881079	0.250408650152753
0.233047353040748	6.29803134867361	8.9728600354905	0.00827961045200235	0.254362039016483
0.732295624442297	1.43298033358971	8.96085278667539	0.0083174996874728	0.25511056358504
0.541229022225759	1.93313968493075	8.92545702086762	0.00842061838953717	0.257200003439271
0.403827664298504	2.77123792472326	8.92302559390165	0.0084272394196663	0.257200003439271
0.261192455509849	5.19062294707539	8.91397918416185	0.00845379855443715	0.257200003439271
0.519967239987114	1.63747728398555	8.89394396326124	0.00851591827638439	0.258672731799418
0.335040270644242	7.95736597101765	8.88576169476955	0.00853873259427161	0.25877634183505
1.53554512939406	-1.74024095689954	8.24545687967355	0.0085835551044933	0.259260643028244
2.66726783234914	-2.18591193526096	8.2248069421053	0.0086178028161907	0.259598816851514
0.430347209771053	6.16934052391735	8.8525187488695	0.00864005215129632	0.259598816851514
0.403934345681875	3.29193160946026	8.85176414577944	0.0086427427759503	0.259598816851514
2.31282419656495	-2.44219886297882	8.25178491462166	0.00885390394134628	0.265518585128164
0.352812311099532	4.98063878144658	8.76817702007456	0.00890327496782194	0.266177358799083
0.288103188340274	6.23511277108165	8.75656749994918	0.00894020380754358	0.266643907737358
0.225161122494962	5.89816696720561	8.75413331019942	0.00894797188134166	0.266643907737358
0.637529138712567	1.11833540563645	8.74732904007871	0.00897335913904654	0.266978664731601
1.63211071744193	-1.82307478968935	8.32936660799524	0.00899428051859269	0.267003879216973
1.66763630993521	-1.48037814609996	8.35082166139289	0.00906253248630238	0.267486761957595
1.75256457131227	-1.6355792932763	8.3123526800802	0.00910583466734454	0.267486761957595
1.0195619752614	0.295757006287264	8.7044316946317	0.0091322464125735	0.267486761957595
1.13280773134847	-0.75433749327666	8.68586320735414	0.00915576758099644	0.267486761957595
0.727153505101302	0.660121614865062	8.65608037157618	0.00927794236240571	0.268602991432985
0.483277554857748	2.73543361124618	8.63624988991443	0.00933393895900111	0.269214205785379
0.821082415327171	0.234452548733582	8.6250124502271	0.00939673318700103	0.27032867295352
1.39264852233853	-0.217151161148195	8.62043714310322	0.00940124102515555	0.27032867295352
0.694179814787213	0.799061770751899	8.59641937029993	0.00947526048006709	0.271224978254252
0.882166742335169	2.98924819677341	8.59430026064475	0.00947554793349692	0.271224978254252
0.575553112880404	4.88619631707934	8.58685435292932	0.009500555071772	0.271528742907326
0.434645646831626	6.38386606945771	8.57010112614052	0.00955794974516459	0.272343815774984
0.986259249398777	-1.06219699408919	8.5481480641988	0.009628928539864	0.27353043559036
0.376823382810387	3.71969737272105	8.54581828368258	0.00964309705071246	0.27353043559036
1.21123266057204	-0.920185908349729	8.52033993741501	0.00969939900408213	0.274614080263247
1.03224152203931	-0.870461553044705	7.97698572504714	0.00974164276698962	0.275084741787014
0.569259044014777	3.09550310795556	8.49858729168436	0.00980799706089914	0.276083736807006
0.387105686019124	3.94781977684962	8.48130983776094	0.00986920092621253	0.27702788254635
0.625100436392949	2.5561174627159	8.43599758576422	0.0100328533150948	0.281203138310003
1.91558084242485	-2.22817973657017	7.81183896839941	0.0101124814313596	0.282519454304844
2.38562579550418	-2.23149927311171	7.66362208747801	0.0101269544468322	0.282519454304844
3.5651390394663	-2.66800696483334	8.31567545031778	0.0101718227055811	0.282519454304844
0.655849686027016	0.766323254075924	8.39866849565733	0.010180751745416	0.282519454304844
0.899411877474818	0.379185749482343	8.39362820766731	0.0102128827065749	0.282519454304844
1.15344940107895	-1.03043105518012	8.2948462049642	0.0102416559046819	0.282519454304844
0.640661585908662	2.73483799340364	8.37646554549882	0.0102516923227251	0.282519454304844
0.383004388827207	4.52671858844457	8.37425204699068	0.0102595465301817	0.282519454304844
0.188477842869618	6.77703402779043	8.35126664380514	0.0103455636703602	0.282924367929441
0.763871735745311	1.62061332708417	8.34576697812303	0.0103685503424461	0.282924367929441
0.33086865255046	4.63940448863954	8.34221086480268	0.0103797618529422	0.282924367929441
1.05374903872568	-1.17244937692068	8.28349514518667	0.0103975662587125	0.282924367929441
0.395095962207469	5.68152772715503	8.33440737336403	0.010409240913059	0.282924367929441
0.452972976179732	5.49274820542003	8.31792877290393	0.0104719069715195	0.283809743108868
0.889498908727445	-0.130984370472729	8.31861780090516	0.0105249549073466	0.284023210897396
0.594377664610032	2.73728250776933	8.28966075476678	0.0105808857012885	0.28512463854772
0.723500274126332	0.385662631230488	8.27116401128602	0.0106694541369457	0.286702610593089
1.06380590966566	-0.551719952072032	8.26304392713642	0.0107885177582755	0.288657887197661
0.720654523250992	0.712018237429078	8.23347316939906	0.0108087914116901	0.288790697448599
0.565266166538162	1.30242257311935	8.2265630837744	0.0108303367936234	0.288957062147268
0.244687227718397	6.60326615027538	8.21284222940749	0.0108817361613269	0.288974148916025
0.776220639269769	2.52647718044913	8.21198580596807	0.0108858797075093	0.288974148916025
0.698785533583972	0.739356456235411	8.21211917076244	0.0108922557323487	0.288974148916025
1.75632364162799	-1.68199295186888	7.70819426417653	0.0109352539700793	0.289301115901271
0.394235074705369	3.21272100494474	8.16759746421519	0.0110640510489125	0.291075585684292
3.0625185831115	-2.70043161130371	8.07566195262908	0.0111452976616306	0.291829458927133
0.831605802355789	1.28597245161784	8.14681150170047	0.0111522870087668	0.291829458927133
1.07257035140064	-0.15344980950015	8.16590117298094	0.0111545904620931	0.291829458927133
0.714453264857919	0.707078904863839	8.13586239422595	0.0112034770248698	0.292185096996733
3.36959685708007	-2.69520472653751	8.61948566543027	0.0112957436224397	0.293723859941071
0.89609624792467	0.296402198857776	8.10688324161758	0.0113342694045902	0.293723859941071
1.92810770223348	-2.18627617387394	7.49016618332754	0.0113360001079945	0.293723859941071
0.236248965542487	4.98791417598649	8.06206381323084	0.0115019947087562	0.297208392042833
0.465874322716776	6.29221815278159	8.04173041707713	0.0115886728946481	0.29862996832206
1.76071704725928	-2.16247206796851	7.44428908896961	0.0116555873320409	0.2993528001502
0.615155178052381	0.864118284639974	8.02001501197024	0.0117334412662038	0.299902307052036
0.496886761389412	3.21362522290848	7.98834346751034	0.0118200827636904	0.301300298880395
1.33630889226806	-1.34284219956774	7.86697104949048	0.011874561283879	0.302279959270214
1.01687178470722	-0.168623819124656	7.98812898616164	0.0118905651157556	0.302279959270214
0.503786038245945	1.56195216045166	7.96291432193133	0.0119340056894937	0.302975974859918
1.70093676760137	-1.76038346483791	7.47155988473125	0.0121345947327075	0.306829571639493
0.85967121924712	-0.151656654756956	7.91855643794395	0.0121932545238509	0.307293009110295
0.30331139744251	4.06758643762809	7.90268240632596	0.012201795251212	0.307293009110295
0.534800515460182	1.0418068489832	7.8604857210761	0.0123999596786649	0.310012651737721
2.6661395914984	-2.39322587655758	7.38821280928237	0.0124029486773038	0.310012651737721
1.16528530758698	-1.33104849150063	7.64116439128583	0.0125238154583223	0.311539244922894
0.792562487301486	2.22911900715789	7.82224511522178	0.0125765381086358	0.311736187047564
1.15127869302351	-0.613050574114093	7.83108410853961	0.0126182875738944	0.312360575467676
1.78971401521738	-1.31181052345404	7.55226364948204	0.0126630650579672	0.31265384917709
0.304062580463105	3.49087841141099	7.80315581422352	0.0126632847782058	0.31265384917709
1.24209386778555	-2.08450336200548	7.29339896367541	0.012713151556351	0.313474742231959
0.725634960774394	0.176710433547111	7.7708515048929	0.0128609405247072	0.315880105621813
1.60344551905694	-1.73240216677149	7.26506165734487	0.0128973315519218	0.316361983178025
1.03112605704516	-0.135957417510185	7.74683185775336	0.0129972272644241	0.317188700316563
1.11708143706606	-0.04865375121881	7.72848763211141	0.0130117079214447	0.317188700316563
0.579574642654839	1.24824739705018	7.70242242523082	0.0131543425885124	0.319344098130128
1.80075215727086	-2.10081324157836	7.18257666637916	0.0131774885072127	0.319494814539272
0.423701573051667	2.43455522662838	7.67724523383922	0.0132762058334256	0.320433289728
1.44118753989241	-1.92986100596003	7.29371715339217	0.0132975243062085	0.320433289728
1.61889437370958	-1.2302192197032	7.51412443984831	0.0134468678332556	0.321961268739574
0.759068179222926	0.312255730369187	7.6476410902491	0.0134499008517619	0.321961268739574
0.692367395720663	1.28554957017985	7.62822914928623	0.0135364660146255	0.323622761006185
0.467678600592721	2.50065471303191	7.60098327321973	0.0136636631615708	0.325783938297736
1.46737482625282	-1.73976038067496	7.21510236425152	0.0138080876539046	0.328037729742574
0.313190887754816	3.65412722701075	7.55614389460634	0.0138966783007814	0.328544238768743
0.55801045783906	1.73728032877403	7.54573688339603	0.0139542934469515	0.328678204280752
0.842880171119665	0.0845476798220575	7.55306804998441	0.0139570185881823	0.328678204280752
0.311976727386718	5.74865673350929	7.52129471884779	0.0140812042088372	0.329607533082084
2.13726506984051	-2.3718187235355	7.02393533187351	0.0140838504831766	0.329607533082084
0.74950070657423	0.454048353112664	7.50220831068726	0.0142106433057596	0.331751688956118
1.75038458371309	-2.06165017105457	6.94117235833241	0.0142648196657364	0.332194189326895
0.315354388589988	4.63293761139108	7.43076554654903	0.0145744481668987	0.33690908795614
0.990287761554351	-0.967291477443661	7.29178853776772	0.0146052815375652	0.337112324206088
0.712970521902183	1.96477820660018	7.4126746758223	0.0146769042438969	0.337112324206088
0.642702141056341	1.9787444733035	7.40507554802363	0.0147194300551904	0.337112324206088
0.262553286752951	8.15323073621733	7.39715180159311	0.0147624862712999	0.337125377918379
1.09222427246476	-0.730175533387093	7.39150917398228	0.0148129722423895	0.337125377918379
0.775702125100089	6.51262452025105	7.38768176542839	0.014815980206939	0.337125377918379
1.45371040505431	-1.84584910519814	7.02174020392373	0.0148161447433779	0.337125377918379
0.55323808031777	1.1961672060445	7.36483465694722	0.0149501255914772	0.339355257559608
0.296247287731773	3.76026300650257	7.2760703171229	0.0154635359889433	0.346423609690543
0.220061148854064	5.12640170074065	7.24169931357326	0.0156691485401997	0.34968121162155
2.174662660098	-2.0601306240567	6.86027706829612	0.015683099455645	0.34968121162155
1.41123819754521	-0.930641456494117	7.21168209592567	0.0157895411224405	0.349755745621472
1.38532393388957	-0.145667522628164	7.23256167594385	0.0157978359444643	0.349755745621472
0.547620858330097	1.408823198968	7.21825604022144	0.0158160020887106	0.349755745621472
0.488994991851869	1.15316687376599	7.21819828240425	0.0158162355412774	0.349755745621472
0.197194034519189	7.42349581672786	7.20382051206721	0.0158995432581173	0.351186281590009
1.28154373141729	-1.49084229659321	6.9553850620905	0.0160674829952394	0.352829955458906
0.336771403930744	5.47927206292822	7.15438657129471	0.0162060860937243	0.353988119913669
0.347451360574571	5.03763628654225	7.14571081961219	0.0162605910820288	0.354591971595408
0.89410591890698	-0.253553850211153	7.14369558704629	0.016353931203289	0.355087832238659
0.598381150214447	0.943303393289759	7.12661186188255	0.0163881007808499	0.355087832238659
0.650558720881792	1.5950732515654	7.1249595716399	0.0163961990075742	0.355087832238659
3.49619285240075	-2.57699481250859	7.45581762999511	0.0164552540303715	0.355090861771477
0.305802770965716	5.11167653434422	7.10419085277645	0.016524257041686	0.355412839882921
0.374813772756081	4.62758673634087	7.09509501775592	0.0165827357767497	0.355859095514026
0.374491674507347	2.92747057962455	7.08990083461645	0.0166166038964865	0.356180681022074
0.614008237328457	0.939709238526218	7.08057414245611	0.0166831388744435	0.35667663067481
0.866070825948983	-0.0922398767022146	7.08860725532506	0.0166964674169463	0.35667663067481
2.23668978736941	-2.18522788929078	6.62052207005988	0.0167604063952347	0.357098004729715
0.248994372265167	7.92001516449662	7.0597615999478	0.0168118061505029	0.357098004729715
0.741500385164917	1.04605826985913	7.05944232377863	0.0168204352104693	0.357098004729715
1.92170062487424	-1.87608526759314	6.76261586549118	0.0169880553847401	0.35964723762329
0.20288577374822	6.44773434177173	7.02591288277995	0.0170347185369237	0.359665798812951
0.548609290823713	4.42505046865552	7.02421116901328	0.0170461339203084	0.359665798812951
1.78799050560623	-2.18304357290972	6.59571125058979	0.0170950730326012	0.360295377222298
0.358942245847158	3.32403344544952	6.96571850397285	0.0174398178593536	0.365519204756652
0.965071830836357	-0.501167021496846	6.97930284393385	0.0174603212014765	0.365542773388959
0.424526504937871	1.97587843704166	6.94089556197393	0.0176114330943435	0.366451766416647
0.601938300067728	0.961482989995435	6.93015738685214	0.0176913539749909	0.366716494538741
0.21987730759443	7.3593102169437	6.92597034258684	0.0177127979554415	0.366757966886382
0.332140741416058	7.00246143596222	6.91457107151412	0.0177920756980495	0.367209604222157
1.34779727564154	-1.23401102525956	6.84815259890103	0.0177980538028429	0.367209604222157
0.382467074695667	3.43650162124405	6.91122946670587	0.0178157032498211	0.367209604222157
0.298140340870981	3.72522619101074	6.90170066274205	0.01788230463751	0.367845051665596
0.158193069758026	8.17498908476538	6.89280153426474	0.0179445996137357	0.368688202019802
0.261601799768745	4.16554374211258	6.88480026059286	0.0180011964401595	0.369083226576878
0.290803991152273	4.27210450506712	6.87885713250075	0.0180432243819786	0.369322987780617
1.26003505666282	-1.32900544797494	6.75097394343843	0.0180688142612429	0.369322987780617
0.626683696930499	0.292058994532455	6.87911525012295	0.0180716279341308	0.369322987780617
0.81151475345335	1.23069893278977	6.85983705225034	0.0181838231247874	0.369883174089963
1.45298462917469	-1.76072784422059	6.59737361671248	0.0182698978388073	0.370963490778711
1.56307038628628	-2.20841656792266	6.41464431684011	0.0183258429349295	0.371699328259758
1.73588521231645	-1.60496866855594	6.58065889248603	0.0183763877946069	0.37192468129793
0.497024122595475	5.07010753736019	6.82576906782612	0.018423737049658	0.372483335442334
0.424130512894554	2.01707197641254	6.80466648573443	0.0185794807818626	0.374428147423371
1.81624595423843	-2.37077426747922	6.31038515488452	0.0186488019893477	0.37502382934442
0.312182091214665	2.76267179639063	6.78651662662383	0.0187117282980453	0.375338424716136
0.332854229257856	4.9303441857909	6.77428343000736	0.0188016232949254	0.375338424716136
0.210723652135182	6.55755029743683	6.76958398254575	0.0188365286702302	0.375338424716136
0.949358205003047	-0.45535384937977	6.77647612692142	0.0188956319539477	0.375338424716136
0.292889524002266	3.20537174675304	6.74902651889426	0.018990575613416	0.375338424716136
0.514161193203114	3.8650596098004	6.74729117619197	0.0190034875376165	0.375338424716136
2.7808337185612	-2.66786655359163	6.55022438271634	0.0190612864533713	0.375338424716136
0.941512213775999	0.0345786813172771	6.74714668808115	0.0190718526368788	0.375338424716136
0.671740015224127	0.539538018118078	6.73577136615433	0.0191077268603741	0.375338424716136
0.246027001457911	4.92942068074064	6.73253999161153	0.0191145232405435	0.375338424716136
0.708176120928053	1.13212553448198	6.72201078577821	0.01920134417624	0.376385168724977
1.58703199931274	-2.16424716384934	6.2981187415563	0.0192990285562271	0.377241011042603
0.280933267651068	6.14180497720845	6.68644353348881	0.0194669321815602	0.378870931354856
0.245006938283351	6.75093126727294	6.67890158649287	0.0195252950189122	0.378870931354856
0.248109753330374	5.66806394252484	6.6695852948581	0.0195976748550203	0.378870931354856
0.613604972079616	1.84949957114243	6.67439734798207	0.0196234374136508	0.378870931354856
1.83916289997329	-1.86199866782105	6.34158204256339	0.0196856719510907	0.379435487270017
0.493772605167825	1.20717051538464	6.65448173915468	0.0197205216748818	0.379435487270017
0.570487609125641	2.38500405368924	6.64943191194817	0.0197563577167628	0.379435487270017
0.483192554054169	3.60429524744105	6.64760228531753	0.0197699584636115	0.379435487270017
1.17821280423756	-1.47965399429197	6.42354055636604	0.0197821040349782	0.379435487270017
0.518631377902443	0.806984873809065	6.62755397538306	0.0199374883950472	0.380263744788448
1.2405289287992	-1.84494622901617	6.35729787391962	0.0199931156181296	0.38089613876169
0.203194730455375	4.45897886478628	6.61198586306224	0.0200521054517845	0.38089613876169
1.04777939021545	-0.7047666383575	6.62712482457298	0.0200664291357933	0.38089613876169
1.01980842929601	-1.15417109303853	6.56673010394839	0.020106847499559	0.38089613876169
0.306123492205889	5.21445937833588	6.60449194657435	0.0201119946035436	0.38089613876169
0.322485337703768	4.08821876260116	6.59332329510604	0.020201959594506	0.381451014846013
0.880340744716795	-0.434170644345003	6.60003140438055	0.0202377239892822	0.38174418760983
0.335989004698191	3.5544981872727	6.5852581495279	0.020267204075635	0.381748416822583
1.40648603617798	-1.77382124688025	6.31674717830406	0.0203007555631208	0.381787788820686
0.668882655061174	1.32782601622629	6.57072990875881	0.0203928347053577	0.382888908197069
0.180324569699859	7.98673374990854	6.56638660562631	0.0204202004795765	0.382888908197069
1.41479581179868	-2.1202805228654	6.31540442502303	0.0204520503463377	0.383086339793919
1.80615628980432	-1.80093297065563	6.57804694224656	0.0204916565155099	0.383086339793919
0.279915026722328	4.22598263701887	6.52650604950182	0.0207487239960679	0.387124807851462
1.6030003267947	-2.22847400230746	6.03208607100786	0.0211671431339731	0.392810573755049
0.765723274054532	-0.262488104735274	6.47684232958507	0.0212625914758768	0.393669477237878
0.217026523584849	5.10755271269188	6.46182306225885	0.0212940793693798	0.393794332494717
0.457770995108765	3.50905565060479	6.45480229954575	0.02135455759122	0.394525974381178
0.402757237057781	9.74467845901531	6.44606785329565	0.0214294020383111	0.395521341143505
1.48646797900347	-1.83940601443713	6.13783642574194	0.0215738651898181	0.397798454619294
0.576771223402672	1.71479914665552	6.42368208024476	0.0216258456496268	0.397978855111131
1.8820523891302	1.39811219135342	6.28699122396337	0.0216540346469288	0.398109215930816
0.39619523937217	2.58491678690978	6.40737957652193	0.0217667321896329	0.398503895262777
0.334552403901604	2.49486355527821	6.37980493480199	0.0220103638495219	0.402307648540244
1.12522493396023	-1.63966790017495	6.18620460629468	0.0220886806451924	0.403348289458146
0.717721734375024	1.53287162824428	6.35664508405165	0.0222204335156292	0.40430514735538
0.17642146356605	5.50719731377571	6.34384309088386	0.0223317897408585	0.405322132824335
0.438675611137471	1.5056174631856	6.34134068715304	0.0223579205510108	0.405322132824335
0.195500731772092	7.40821525424461	6.33976441196134	0.0223686762588206	0.405322132824335
0.618959848642103	0.792724854833574	6.33172349841024	0.0224517850906326	0.406437641232824
1.36508697214569	-1.23204298918349	6.10921325799265	0.0225174742059456	0.406492584138409
0.32899555781809	4.14647615211216	6.3231952010337	0.0225194693540072	0.406492584138409
0.336118492335877	8.82667361335766	6.3197233777594	0.0225509787059311	0.406672190564032
1.21561969448165	-0.95957829340384	6.30445004032163	0.0226477393118252	0.408027035949339
0.316760208092672	2.96627958690277	6.30377156252021	0.0226977978970881	0.408526114915733
2.38969996069997	-2.20648440858608	5.98082340457548	0.0227187560062876	0.408526114915733
2.11129339492359	-2.49633932022905	5.89273511139373	0.0228041486353287	0.408670457432242
0.444231282516778	1.80162695914936	6.28917498562384	0.0228351090565436	0.408670457432242
0.432074756033331	3.4752955777323	6.2774881682612	0.0229410793843359	0.410177801352349
2.48935613337005	-2.44236692917416	6.35489614035434	0.0229709980305645	0.410323802888768
0.328164288378248	3.26530889479029	6.23675849168635	0.0233243918949749	0.414583065364194
0.807366408511168	-0.655661371974843	6.24530500889358	0.023351197858218	0.414583065364194
0.198989259558883	7.8981057486353	6.23262128941417	0.0233632931390626	0.414583065364194
1.13624476714445	-1.29962691656847	6.17885954094366	0.0234100205181323	0.414927557667856
0.509087065837734	1.61451870641124	6.22091883283251	0.0234781447606463	0.414927557667856
0.245147839313241	4.15453791715756	6.21712927530863	0.0235114377051168	0.414927557667856
2.2552370693379	-2.27369748245314	5.94788691719539	0.0237013501724007	0.416680914898958
0.367832692473268	3.89073458393232	6.19730304806715	0.0237024132792547	0.416680914898958
0.169799759398565	5.72260741956983	6.18360726831882	0.0238350945484189	0.417923172651439
0.527567533477318	1.75717728520408	6.17659223215429	0.0239060963469611	0.417923172651439
0.31291596103439	4.40934491932139	6.17608723034413	0.0239085772546732	0.417923172651439
0.558414698759757	0.656128840886495	6.17803736353207	0.0239259218511491	0.417923172651439
0.523918299391134	0.677081549570936	6.17406812630037	0.0239426364929187	0.417923172651439
1.3494824042756	-1.79463398078513	5.88043942266953	0.023946721560176	0.417923172651439
1.3765771276925	-0.832505590060673	6.17215514811823	0.0239641099517859	0.417923172651439
1.71166125179631	-2.04381644083508	5.84157337669602	0.0239724790759083	0.417923172651439
0.673505939890025	0.190860665019452	6.16453548355107	0.0241106344158057	0.419073972013406
0.236032416451414	6.77388943458676	6.15056899717439	0.0241592562859453	0.419241997536142
0.221355840671256	7.70048786995402	6.14576419286327	0.024206817994651	0.419681257199542
0.399568345310167	2.35711458121085	6.14138888332504	0.0242516841934217	0.420073020147395
2.68417125672335	-2.32191022548235	5.93286650258878	0.0243274595817447	0.420998963385735
0.188301255774432	7.39026761712913	6.11686834093858	0.0244951293741924	0.421782585799621
0.265084414974066	5.12369713597905	6.1021810568969	0.024643194277882	0.423279501986558
1.12109002893925	-0.665469182589033	6.09818736563406	0.0246611977248172	0.423279501986558
2.39182417838641	-2.49617135814308	5.8547279056786	0.0247151072762654	0.423416917905826
0.633064561154209	0.305304614143159	6.09514913921277	0.0247482208586101	0.423416917905826
0.327999337380558	4.07597765420211	6.08872049350965	0.0247799608844644	0.423416917905826
1.20767191412522	-1.1661512507758	6.06735969524549	0.0247814386559949	0.423416917905826
0.32195528970126	3.58738692953575	6.06988240801077	0.0249727357378092	0.424379021821887
0.249359984262136	7.05592323851431	6.06263146236529	0.0250469603903093	0.424843330777486
0.838700924534543	0.170969857421783	6.06687195449231	0.0250676258895903	0.424843330777486
1.12396247107327	-1.59460963289381	5.94234375985657	0.0251360632201387	0.424858029141107
1.12396247107327	-1.59460963289381	5.94234375985657	0.0251360632201387	0.424858029141107
0.310061308398393	3.02672782428294	6.04544457677759	0.0252252833891952	0.425722426764502
0.37775979359012	4.28851798165579	6.04303265392109	0.0252500186801266	0.425722426764502
0.242420505825638	4.19317510818316	6.03787559799195	0.0253037345627323	0.425722426764502
0.63008794948824	0.096360564345236	6.03566860541016	0.025374725629928	0.425722426764502
0.723572348060311	1.10056731902376	6.02640442948875	0.0254312605626622	0.426030078146979
0.548831497076205	0.723204697561974	6.02175528496776	0.02549039458809	0.426641804006337
0.192588469738259	4.73812510808666	6.01259436253062	0.0255687931098926	0.426795509422586
0.171251261769992	6.47986661513334	6.00842880041236	0.0256127083001838	0.426795509422586
0.562546142936486	0.147058806320488	6.01018684604586	0.0256508474594138	0.427053782548034
0.824579947095801	-0.558421290629039	6.0017649721436	0.0257032968057347	0.427443715453469
1.03825137400292	-1.31091155639212	5.96584273340146	0.0257770601955066	0.427443715453469
0.941242920140392	-1.23996606366664	5.96232576026712	0.0257947201619917	0.427443715453469
2.53689268573557	-2.55022984179826	5.83370203435305	0.025832305139537	0.427443715453469
0.41434973542946	3.10374650762547	5.98397643696413	0.0258738792430184	0.427443715453469
3.23872626472195	-2.47053432518945	5.9953878216988	0.0259838791074357	0.427915948933599
0.767095376790388	-0.204070086488784	5.97313528915182	0.0260725803330118	0.428049856225735
1.76700827473208	-2.49648524109319	5.53467058060548	0.0261598181139583	0.429089260072692
0.959882485412158	-0.666744479095163	5.94394004130736	0.0263684527709901	0.432135642588346
0.28555983552977	3.53909676924483	5.92713183945536	0.0264892273856702	0.433392232521825
3.07655341070865	-2.55400944938639	5.73302621058897	0.0266785546975919	0.433636799999859
0.239303678270724	5.77213110667155	5.90270085158581	0.0267589055399372	0.433636799999859
0.21213827833976	4.39792922818585	5.84083685814534	0.0274569036324665	0.441050060956044
0.182421468997734	6.4381361350681	5.83992683455637	0.0274672023621941	0.441050060956044
1.6559175342284	-1.97966957535623	5.56545955824425	0.0274907527155849	0.441050060956044
0.668058544123243	-0.184860297990659	5.82753821030736	0.027714954685983	0.442290347074194
2.93449510326045	-2.46949325065433	5.69767027371885	0.0277627048143575	0.4423039703659
0.495358158479544	0.867526306452066	5.79496139151083	0.0279974112731996	0.444923226786932
0.287209534449	6.06564016681739	5.78095531796775	0.0281522400617293	0.446002810635477
0.553611908213845	0.902756964336578	5.76962046938197	0.0282953485182634	0.447764395218122
0.537078334714337	2.98279493745304	5.76527574477692	0.0283382902319121	0.447766791573429
2.27468977291119	-2.58326264294992	5.51870224635891	0.0284127463832178	0.447766791573429
0.443147897906571	2.12163607910833	5.75510759009057	0.0284603581589839	0.447766791573429
0.536517496895351	1.07324445170435	5.75569970139922	0.0284709934164712	0.447766791573429
0.620780121080307	1.15060519929202	5.75489589892107	0.0284752175954721	0.447766791573429
0.195622198982752	5.30954737605699	5.75282834068239	0.0284858678554938	0.447766791573429
0.268013489615069	3.23556294375963	5.74964524654596	0.0285243275952673	0.447766791573429
0.497281608202713	6.31015497089567	5.7492934307474	0.0285281079327748	0.447766791573429
0.281472670041627	3.05980496497546	5.74597471659121	0.0285683504640709	0.447766791573429
1.59481796139885	-2.0581037653723	5.45956349524701	0.0286451412039125	0.447982819747954
2.75470827215943	-2.61016562972134	5.60859367199477	0.0287107944449425	0.447984975607216
0.818284082637789	1.70334261479268	5.73151623377171	0.0287454395199302	0.447984975607216
0.847061742123039	-1.31963960680371	5.63814563287278	0.0289144649586346	0.448431054077268
0.801857606659058	-0.374495697354525	5.71986118814194	0.0290075142565731	0.448431054077268
0.415679159394395	3.40063855702202	5.69996837915587	0.029125673454684	0.448594347494821
0.264368742110521	3.81317273428794	5.69938442677811	0.0291325916175134	0.448594347494821
0.312918647755864	4.28155914610597	5.69487027543037	0.0291878898932983	0.448995691957097
0.74135827945601	-0.0726776723014953	5.68627480425867	0.0293910271167097	0.451100849879979
0.331227694184893	4.51601973704481	5.67535698682671	0.0294285849128461	0.451174689007276
0.157563016892182	7.34823019605252	5.67090706374186	0.0294836804359863	0.451271104707089
1.74702828284411	-1.98120492981859	5.38900048702551	0.0294978143510492	0.451271104707089
0.503069615400679	1.08358091741542	5.65461018831313	0.029696614224146	0.453209736335005
0.236544306879244	4.76702014528408	5.63896737504101	0.0298835982064923	0.454160614607839
0.462854748212721	1.09308181318623	5.63766481277291	0.0299067287370239	0.454160614607839
1.1202364409265	-1.2510349120803	5.47770609747936	0.0299070786138911	0.454160614607839
0.654598826095837	1.70762719214384	5.63299836635048	0.0299634763290543	0.454160614607839
0.281041187284321	5.21366523609306	5.62328476904506	0.0300821618743722	0.454315307795262
0.209598556379553	4.91260248703482	5.61481557027395	0.0301900777354737	0.454854403484222
0.299822675681576	2.94763947222164	5.60907375930977	0.0302640489395557	0.455160931751961
0.172975726867792	8.28277416023114	5.60214808875685	0.030352227795573	0.455160931751961
0.178500030582202	7.86370113984329	5.60138087512865	0.0303620835969998	0.455160931751961
0.526295736954762	1.20453323871604	5.60041057951768	0.0303804945030959	0.455160931751961
0.530936618052958	6.06739753713424	5.59279064257254	0.0304726916918466	0.455833769534737
0.311704271242118	3.00384860522655	5.5766728116062	0.0306820377991883	0.457514054550268
0.406426977543822	1.31589344788701	5.57193263957233	0.0307494001092909	0.458090063732394
0.506445666992352	1.07091646229965	5.56708891118321	0.0308132813867277	0.458090063732394
0.937752517322617	-0.636484071588407	5.56617607538648	0.0309715278349514	0.458090063732394
1.65283253471895	-2.12189669713294	5.23855665415278	0.0310120877583771	0.458090063732394
0.38889722994996	1.91853560186077	5.54880701218876	0.0310485970225853	0.458270489543839
0.371547572003474	1.75007594397866	5.54471914464521	0.0311030139704695	0.458356369160129
0.193570402503956	5.3567694964561	5.52127256246463	0.0314116859915732	0.4616948776349
2.20385802729536	-2.63529318898193	5.29222031176795	0.0314463143350333	0.4616948776349
0.779338251737204	0.380462817705924	5.52071626996474	0.031476414814106	0.4616948776349
0.436692086922758	1.56178337613998	5.4927004513435	0.0317993893542761	0.465090748226111
2.23616582391103	-2.69612661705212	5.55308161911488	0.0318079343927728	0.465090748226111
0.79512877592215	-0.251033468976598	5.49586539401857	0.0318628268140359	0.465090748226111
0.156045518637522	6.42468566196394	5.48142252471528	0.0319492832719105	0.465090748226111
0.244044343885661	3.6241731746329	5.47623057477022	0.0320204900844997	0.465090748226111
0.607088438780528	0.311251053069079	5.47766509616951	0.032037363418189	0.465090748226111
1.76997569278282	-1.84025690032141	5.25470986780165	0.0320537226515993	0.465090748226111
0.931557279722495	-1.10487807778311	5.44826950504624	0.0320777746616217	0.465090748226111
0.982011840635983	-0.118235523452361	5.46660253232974	0.0322044322366145	0.466568514039369
0.742244059559491	-0.448428331992758	5.46924733222149	0.032251620822617	0.466781088650338
0.229687162849013	4.17236336719583	5.45813129510962	0.0322685967025415	0.466781088650338
0.79980957993538	-0.460123066236052	5.46534514338066	0.0323185661122623	0.467145680134563
0.956134582527295	-0.4021648311826	5.46031106440141	0.0323757386858983	0.467613751019985
0.922856379740408	-0.344964078018988	5.42849252185605	0.0327080742736378	0.470612055700709
2.39798809676782	-2.60796364110378	5.32584455184913	0.0327368918253558	0.470667675687261
0.606667051706363	1.12307162414129	5.42098767216958	0.0327939926408085	0.470770991768319
0.287257306417202	4.24859296659194	5.41638718547266	0.0328497335449758	0.471212565672151
0.88580052364194	-0.0136132663917132	5.41794584752169	0.032907289100226	0.471679478949517
0.725639948419257	0.65263953739221	5.41220087864768	0.0329593697848657	0.471867345911799
0.533940472952596	2.01521429917539	5.38926317820534	0.0332368268379159	0.473524369066169
0.913842307218172	-1.28543943885785	5.23494567463446	0.0333523704319217	0.474096279922637
0.286907398941764	4.77448672885333	5.37452182841212	0.033444524589743	0.474491907328426
0.186390499218137	7.18107419634225	5.37374227698489	0.0334556664765311	0.474491907328426
0.282893710920667	3.06257398529105	5.36151723391549	0.033632343993416	0.476279938179387
0.436924621804542	1.95816977477028	5.35991503880673	0.0336574859562701	0.476279938179387
1.19902800488511	-1.5688862843092	5.62451405278435	0.0339846474194931	0.479155964950129
0.205582683894124	5.67973027489893	5.330919302833	0.0340773213839007	0.480019240920473
1.99805860572889	-2.5810016461031	4.98072344710091	0.0341047104988295	0.480019240920473
0.203793787285227	4.51452208299542	5.30406270058868	0.0344740592934205	0.482764796178018
0.276855071515801	2.7219171816844	5.29665545686988	0.0345850637797948	0.483578210834941
0.807569597564681	-0.556098232708628	5.26510435268054	0.0351849694403764	0.48964435866092
0.48231256265995	2.45327700181684	5.25494313530443	0.0352146117841027	0.48964435866092
0.180511366865677	9.25774357094569	5.25444566833751	0.0352208140402065	0.48964435866092
0.279891428357337	2.57825064504728	5.25355912303871	0.0352353842946642	0.48964435866092
0.290010604578973	4.115666323645	5.24584728670739	0.03535234885295	0.48964435866092
0.373873771249737	1.9999491175816	5.24342895779709	0.0353912091574881	0.48964435866092
0.379598710779322	1.84165755164406	5.24213415220469	0.0354125846677395	0.48964435866092
0.902196682450118	-1.17891972996536	5.24093390614766	0.0354325690278405	0.48964435866092
1.11302642102929	-0.58312918385606	5.23225452399511	0.0356813064920205	0.492237468164456
0.710231824673837	-0.608642889048133	5.23398082689799	0.0357127594336552	0.492237468164456
0.792368946716007	-0.555498226424392	5.22225639161996	0.0357329554058347	0.492237468164456
0.146656315427206	6.48247750646339	5.2193190727226	0.0357608202704535	0.492237468164456
0.277927371805969	8.2161059213922	5.2182894811657	0.0357767888911345	0.492237468164456
0.493804907470176	0.815268803367959	5.2143092017187	0.0358537769890017	0.492295748852048
0.752016915354621	0.0326423856359161	5.21681021530662	0.0358801771399733	0.492295748852048
0.74971832104845	0.928936273388118	5.1993311603048	0.0360908554192457	0.493320149111037
0.993374193451795	-1.14980911177444	5.17572381400977	0.0361261144725736	0.493413297403398
3.37190497354075	-2.61138298127703	5.20640982752423	0.0361951787904803	0.493413297403398
1.70827746849066	-2.44741185821755	4.89487808954129	0.0362753797858484	0.493413297403398
0.205133955313411	7.28150597711378	5.17795937601042	0.0364089061732182	0.493413297403398
1.11409357851382	-1.30794402800523	5.46355896155284	0.0364405389409382	0.493413297403398
0.351476671395462	2.88286044670174	5.17521643773572	0.0364531726042526	0.493413297403398
0.288530062437194	3.01890461806075	5.17192876838142	0.0365050957173945	0.493413297403398
1.18190135957728	-1.5186556027433	5.01787852185835	0.0365171465688647	0.493413297403398
0.157140860591896	6.87678597360465	5.17055890225578	0.0365262904414598	0.493413297403398
0.760313352508495	-0.500350600573286	5.17344513399085	0.0365423515067883	0.493413297403398
0.296049523410832	2.41298788640243	5.16431224091757	0.0366272902542711	0.49350041147594
1.14108002222505	-1.34801723212151	5.1383677835521	0.0367040614947792	0.494181807263397
0.184333733071566	9.18802362250121	5.15328406267882	0.0368019959079369	0.495146967768483
0.256433386837373	4.35574252951618	5.14838017856452	0.0368808705265676	0.495283283207587
0.515913825274565	3.02654617320799	5.1404173781682	0.0370096058598065	0.496523609767803
0.224510363848523	7.42902726412891	5.13837204778009	0.03704192243438	0.496603967931564
0.238869679762455	7.81878217671113	5.12628187315298	0.0372377691062366	0.497866271954118
1.36257353312437	-1.76281906267396	4.95835999585529	0.0372773447126958	0.497866271954118
0.485519527772892	0.709776098644697	5.1115901732379	0.0374915227412689	0.499436859794177
0.225117945332702	7.27325679625082	5.10451801206034	0.0375933346691384	0.500362682330986
0.28855099691733	2.5997696832923	5.09102021964194	0.0378168044483972	0.501644432004302
0.184834758385964	6.81591999635741	5.08726694765959	0.0378779546927078	0.501781104416759
0.692411304907841	-0.630561354066762	5.09223250334511	0.0379647373766749	0.501781104416759
0.56601593054013	1.54573139939223	5.07731176012037	0.0380471885100755	0.501781104416759
0.882456908853186	0.00954748404653834	5.0817806237183	0.0380582079188175	0.501781104416759
0.489102827571313	0.94018595402325	5.0744249834448	0.0381012096171386	0.501781104416759
1.30950967071377	-2.00052841099319	4.84578353241248	0.0381066455936955	0.501781104416759
0.721141809924988	-0.227235178189799	5.08057825969217	0.0381169174312208	0.501781104416759
0.193751982405174	4.26637233038236	5.0723097940427	0.0381269439328418	0.501781104416759
0.158521723793111	6.77451378638428	5.07113712602874	0.0381463236883652	0.501781104416759
0.736649309949663	-0.436385239487509	5.07803050191934	0.0381852276486807	0.501840633270104
0.177772033276895	4.72519095766499	5.06768838630793	0.038204058176105	0.501840633270104
0.401439378720738	3.96712851083201	5.06160610046741	0.0383062167850236	0.502617340330819
0.353824583231187	1.41157521436226	5.0558137714724	0.038407702744692	0.50311423393967
0.212261112979455	3.89628185552854	5.04841505304924	0.0385283787599728	0.504344766515868
0.283712950567163	2.605020720718	5.03788933048438	0.0387073983448739	0.505076560632798
0.220967758434272	5.84504514691971	5.03720020914115	0.0387181628942918	0.505076560632798
0.307773234709366	2.79210831345454	5.03167125037016	0.0388130513356727	0.505446923904474
0.20975287837116	5.59112704372494	5.03081009920429	0.0388269412467573	0.505446923904474
0.326254409435738	2.2506910500655	5.02805718207494	0.038875621808747	0.505731623571307
0.274721905238641	5.17015118415063	5.02248308965299	0.0389692245477503	0.506253271484479
0.231436915646886	4.62751271517048	5.02172435850428	0.038982313392748	0.506253271484479
0.45685863875871	1.0018513591071	5.01950995018	0.0390305729485887	0.506350548507034
0.202470300619233	5.07657308109211	5.00770956721836	0.0392231308871242	0.507191894434314
0.276488445581369	5.44546025256366	5.00549927115628	0.0392612729940577	0.507191894434314
1.1767374157375	-2.06091289574611	4.76726182841231	0.0393105311807754	0.507191894434314
0.945075211223142	-0.972101207343783	4.9867318609525	0.0394349107913766	0.507950921245376
0.767025238302281	-0.384059480795643	4.78068279588953	0.0395404544608256	0.507950921245376
1.10871770430464	-1.33319076025456	4.9356203493808	0.0395436955909194	0.507950921245376
0.256204368125132	6.78447921872041	4.98742963324489	0.0395747628345097	0.507950921245376
0.272557609420069	5.03881783185167	4.98637983259869	0.0395931009453628	0.507950921245376
0.532033790510589	0.998910749199878	4.98471093908723	0.0396428898379065	0.507950921245376
0.572521527585914	0.312947737810542	4.98047501870372	0.0397297967647493	0.507950921245376
0.209662978436349	6.48956386908548	4.97668899251901	0.0397624775320265	0.507950921245376
1.89682524365011	-2.32055605711784	4.74420285665529	0.03991081942859	0.507950921245376
0.929627363048299	-0.126112598895635	4.97011995769501	0.0399367623201177	0.507950921245376
0.557787741077752	0.688613973269808	4.96708539880878	0.0399586602196722	0.507950921245376
0.268881890658022	3.16093509058681	4.96362577711161	0.0399927432283053	0.507950921245376
0.383008826937126	1.75608753665704	4.96301492361473	0.0400061395344575	0.507950921245376
1.0475242333737	-1.70575490370603	4.82194297772846	0.0400777244360729	0.507950921245376
0.235625777693618	3.57811666050799	4.95784094436755	0.0400947379558617	0.507950921245376
0.416937140394776	1.78385467452183	4.95619688221045	0.0401264764586657	0.507950921245376
0.980127331668836	-1.73935869926086	4.77726981055521	0.0401687073720663	0.507950921245376
0.172601105665174	7.3287120870132	4.95164675614066	0.0402041417282164	0.507950921245376
0.306788429304481	2.23619126495308	4.94032481223463	0.0404083969958327	0.509507749018979
0.604616251573171	1.22230746664099	4.93794872424831	0.0404657798929588	0.509685693630554
1.71519399130672	-2.34378264545341	4.68960378854101	0.0405010401111466	0.509685693630554
0.196073286905526	6.62638390160834	4.93484926023883	0.0405035707338281	0.509685693630554
1.92706722733903	-2.39320476274979	4.68450200884604	0.0406150972334303	0.510180404981384
0.462171048873326	2.1745693264739	4.92742987728852	0.0406383861573449	0.510180404981384
0.501349332680811	0.671689803348623	4.92718288308702	0.0406592068922121	0.510180404981384
1.59638810107704	-1.98179303400551	4.72172750676572	0.0407184361882087	0.510180404981384
0.252904623062588	2.91964450992138	4.91992402026733	0.0407727707602321	0.510349551990881
2.1218907257209	-2.66659969276418	4.79863742907109	0.0409066839417101	0.511045295994873
0.336970803607814	5.82597005928551	4.91234053669647	0.0409088546375119	0.511045295994873
0.224596045168311	4.88058276190077	4.90348013599065	0.041069705413893	0.51236630504118
2.02614762111319	-2.58379031509468	4.81893785479868	0.0411360961604238	0.512768932984564
0.391718312763643	1.62028297908916	4.89900296755577	0.0411563465269909	0.512768932984564
0.168407384354971	6.11478135815994	4.88838703994746	0.0413452960615776	0.514443482592043
0.172083175421051	5.44143957671444	4.87992771833625	0.0415007200205611	0.515267576782517
0.168583662531647	7.83425405594515	4.87920606532878	0.0415139959077854	0.515267576782517
0.778976129895424	-0.334250606240451	4.8837823809897	0.0415583877905906	0.515267576782517
0.557208380293486	2.82352100370322	4.87674068268998	0.0415605592037931	0.515267576782517
0.1923807156056	5.81089880516035	4.87249779883679	0.0416377738865254	0.515287496638415
0.501837126022806	2.71665215679644	4.87159070537669	0.0416555238278119	0.515287496638415
0.621572502638579	1.89505738757135	4.87150569394991	0.0416589849108616	0.515287496638415
0.179622929857739	4.92705230679323	4.86795947294959	0.0417217826149439	0.515451263637353
0.44034791655247	4.68849036635692	4.86768766137709	0.0417268769323139	0.515451263637353
1.66792012946003	-2.2712831599287	4.83801378222711	0.0420442511076535	0.516613843718016
3.32940174634584	-2.54934652333288	4.89788045719355	0.0420673474855833	0.516613843718016
0.257325378154293	3.91954321760738	4.84863360505361	0.0420818328821973	0.516613843718016
0.355800935193129	2.4715277289805	4.84833206347211	0.042088466557521	0.516613843718016
1.21731327319126	-2.09925389197298	4.64097504869865	0.0421300920028025	0.516613843718016
0.353178169406092	2.72262482188718	4.84504472222033	0.0421496424472262	0.516613843718016
0.886736524606303	-0.998920056216556	4.83925705207345	0.0422410737944722	0.517398295444889
0.195311428329526	4.83935748803723	4.8307418063221	0.042417876266062	0.518888383243451
0.191576205076598	4.57038361814111	4.8300538177463	0.0424309576328866	0.518888383243451
0.610533696409201	1.59307492069147	4.82874602582923	0.0424599862153567	0.518888383243451
0.196044559039898	7.81849620964824	4.815273227169	0.0427110893352339	0.520483701171656
0.64756605410186	-0.0939769339457626	4.81955998561186	0.0427137130580355	0.520483701171656
0.320808028381488	5.74808963124193	4.80837815874836	0.042842569816741	0.520809648177614
0.318157057885233	4.13280135581665	4.80506713567778	0.0429061227412401	0.520809648177614
0.533094535558771	1.86120642435228	4.79275088243404	0.0431452887872921	0.522545051470934
0.654648319450965	-0.310498163187105	4.79941860201578	0.0431598998140123	0.522545051470934
0.425001701239408	1.27282541751954	4.78339710001332	0.0433305307204856	0.524192315431017
0.503177411446659	1.31480176086564	4.77245828258706	0.0435409732407659	0.525136431100107
2.10017140016995	-2.60644829487066	4.70897672069236	0.0436407644916853	0.525667778165173
0.961752939648799	-1.26194950842713	4.74793426239964	0.0437578435155738	0.526405741220834
0.252230437392671	3.75579352091539	4.75496846060034	0.0438772693084942	0.526677935918492
0.193245642080645	6.09179434483168	4.75059023053036	0.0439630132004001	0.526810145985911
1.31041940026149	-1.89525193456242	4.58233565071889	0.044211320867824	0.52882571054519
0.171038765940632	5.89375247424098	4.73408898555546	0.044289149242243	0.52889060967131
0.461557264002451	1.06375590186569	4.73445583841025	0.0442909137513111	0.52889060967131
1.60651326499367	-2.2749682220352	4.48976293560422	0.0443595952185216	0.52889060967131
0.286971231717278	3.57531821690092	4.73019523999531	0.044366934606648	0.52889060967131
0.381970559033712	5.56525164034433	4.7279014278043	0.0444121668768037	0.52889060967131
1.44283725237194	-2.18805861025714	4.51190592362431	0.0444831662422432	0.529057985389302
0.355204653006803	3.90291816509401	4.72263215273719	0.0445175171135427	0.529132908199594
1.81397646903085	-2.2287554070132	4.46582145357657	0.0447314142356513	0.530292538613704
1.41676530139229	-1.86893422178123	5.15497173346154	0.0449138723640801	0.531166378936454
1.28299809739649	-1.98325164402527	4.51940212220378	0.0450320432054709	0.531231664155596
0.714382944526018	-0.144362010100094	4.69560394652797	0.0451679683160891	0.532502116466492
1.08191437177288	-1.45597504273687	4.59186980418456	0.0453647446976579	0.534487932062411
0.193109746252752	8.60259041610143	4.67051666581347	0.0455720325950761	0.536595037978103
3.88100513131053	-2.667328802078	4.62096822951471	0.0456411166950188	0.537073227834148
0.774548381858119	-0.0688683727626971	4.66389577202797	0.0457988758537276	0.538593637923232
0.360208112561872	6.12765171242757	4.64461907098038	0.0461069428335256	0.539940482206875
0.258894624230565	4.54747663693805	4.64395702139837	0.0461208435941103	0.539940482206875
0.287306441102695	3.65210882455419	4.64293244708644	0.0461423982037578	0.539940482206875
0.346805638892638	5.82326170351411	4.64041568380174	0.0461944459416687	0.540120352733304
2.02108606398065	-2.55192950794407	4.44830418056709	0.046325344802274	0.540330640704421
1.00689010107509	-1.58029831541819	4.53896075428366	0.0464134572779301	0.540764079452499
0.218475737905579	4.39819369845876	4.6263704298651	0.0464883734755128	0.541302585721357
0.151513445537427	5.72790847762277	4.62463573729641	0.0465246606694473	0.541390915612451
2.07481622864839	-2.63685201993261	4.42266525288111	0.0465771384513552	0.541646939245119
0.459776943827329	2.49483367835871	4.62076959672403	0.0466072237407077	0.541646939245119
0.195173780675651	5.36566396081843	4.61884417011964	0.0466465484534131	0.541646939245119
0.158441452261887	8.81810137623247	4.61813314658828	0.0466615212995451	0.541646939245119
1.54940092489068	-2.062149848543	4.44170658482532	0.0467111323349049	0.541889353772024
0.143432454359032	5.72537954348307	4.60404877595513	0.0469595847745514	0.543493665589524
0.690312507669654	-0.51353613076216	4.58196516126664	0.0470225914480901	0.543737621496662
0.31474214910266	2.12133197092362	4.59687206542952	0.0471142067284152	0.544222462656519
1.41805938698443	-2.12002658857865	4.38545330999318	0.0471622014597964	0.544346679804999
0.465424210892507	2.20445476609235	4.59018401129216	0.0472571942013443	0.544643819543112
0.610599952567345	0.243436161362908	4.59088818195351	0.0472950525585335	0.544643819543112
2.11170423914649	-2.47073027973072	4.34513080824094	0.0474495567976627	0.545091954856462
0.266979848521386	3.79642509309807	4.57785724162775	0.047520042213657	0.545237564644897
0.660110563188421	0.0675924961609469	4.57657962718879	0.0476256536538331	0.545785361404772
0.341462979040955	1.97778096267997	4.56895683493452	0.0477143090691722	0.5464693454595
0.255797735872359	3.47937548770547	4.56321131026629	0.0478367876918939	0.547304294687236
1.35267639719667	-1.97968836968789	4.38817463704602	0.0481725152758343	0.549714552721151
0.161203364506772	10.2310574788083	4.54279229753337	0.0482818108293434	0.550366033589578
0.584815163641483	-0.28189487946467	4.54857569924759	0.0483036863670925	0.550366033589578
1.23533322936951	-1.91227671681006	4.379311690042	0.0483844853581122	0.550366033589578
1.34009907163687	-1.59112528615308	4.46176455741318	0.0485439843531206	0.550366033589578
1.55003955816449	-1.74597286453224	4.41207718794006	0.0485625284691864	0.550366033589578
0.473366529458209	0.802911438345904	4.52813554905516	0.0486166283195745	0.550366033589578
1.97851573496149	-2.69583725085703	4.44601921466627	0.0486380839735899	0.550366033589578
2.32075123099237	-2.69847413292263	4.45819335266291	0.0487133167442384	0.550834521275985
0.643752405511234	-0.489473150515906	4.51301676432299	0.0490931228922414	0.552969856180164
0.626223318745157	-0.035780962121048	4.48099336994398	0.0497383687594831	0.557797175927544
