1.9484103298618	3.52800652042307	84.5236120880843	6.27920769101303e-08	0.00118444694675579
1.91337295237574	1.55413498769952	74.37535921464	1.53614070113492e-07	0.00134631651130307
1.10766991435795	3.03458151849974	67.887428837335	2.8475676451554e-07	0.00134631651130307
1.17552514773683	2.79666783394024	66.5793836666645	3.24810899923848e-07	0.00134631651130307
1.21822051020482	7.46432055328057	65.6498291916922	3.56867017786955e-07	0.00134631651130307
1.1560155721818	3.27039914506704	59.3262007480403	7.00867540606021e-07	0.00220341073640856
0.904780341707525	6.84553139430743	57.7332253205054	8.37866647748266e-07	0.00220920875307008
1.76599089334957	2.4220637436718	56.7674406597163	9.3694905500507e-07	0.00220920875307008
2.27764127829206	0.808105078367996	52.8267699277272	1.44238938430292e-06	0.00276038053485985
4.13710755953127	-1.58197592478995	46.581352761592	1.56200952263434e-06	0.00276038053485985
1.69221893792324	1.19537477971286	52.2682134673699	1.60972198926249e-06	0.00276038053485985
1.23846796617575	6.59188099775133	50.6701214892509	1.94771344397832e-06	0.00305939473519601
3.98966089593631	-1.65023454803982	38.6318528565107	2.10847328407719e-06	0.00305939473519601
1.46992634992835	2.25845399841831	48.5747928243872	2.54830657547643e-06	0.00343347906665799
1.19284753381928	5.02398752844819	47.6183996274098	2.88504299199295e-06	0.00352697278722904
1.69775791843974	5.71625373339262	47.3435620683265	2.99165374519772e-06	0.00352697278722904
2.33355304106732	-0.574561870217739	44.1086588989302	3.207608794179e-06	0.00355912498144696
3.19414582026285	-1.73993331198253	34.3730287948591	3.43369435622962e-06	0.00359832092453107
0.717599479582998	5.66712411359148	44.6301929105123	4.31954187255095e-06	0.00392058858142921
1.50756736276302	1.72924390540034	44.3546942207231	4.55918061493271e-06	0.00392058858142921
1.01272537593024	5.71195117051445	44.2201347966259	4.57259973447716e-06	0.00392058858142921
3.12977171675704	-1.43841970017795	33.7936288338451	5.08628103475625e-06	0.00417141387646118
2.01766304280173	0.0398147800890849	42.4145973226517	6.08069454585368e-06	0.00449523592512668
0.976413725944611	2.48094140952466	42.0830880267834	6.1960522744682e-06	0.00449523592512668
1.16385285052012	3.88817984445293	41.785456488338	6.46693326908623e-06	0.00451799119462124
0.745994326291694	8.86320199653597	39.55249850982	9.00394600784166e-06	0.00583420905877296
2.82345580086344	-0.214843391442114	37.7127262585747	9.27881417394841e-06	0.00583420905877296
0.588270815390485	5.27992844355677	38.9114620853425	9.92671798743705e-06	0.00595566242422418
0.551593166349887	8.46479300678319	38.7938368597796	1.01071364874992e-05	0.00595566242422418
3.62288811123878	-1.28913506220017	33.4628865894089	1.04191729841169e-05	0.00595566242422418
1.33146912477238	3.39759599848175	38.1850124954518	1.11046036365525e-05	0.00598474681132257
1.19297627882091	2.26243125373152	37.4634171880096	1.24378817195407e-05	0.00650357338700636
0.743978159993761	3.99014587412723	37.2979711236746	1.27568369463625e-05	0.00650357338700636
0.521126798987101	6.22669069891937	36.7944605527922	1.38159640445718e-05	0.00685817183612523
1.71755494087308	1.26824421277212	36.603313144433	1.43868226064407e-05	0.00695842653398181
0.690109261303634	5.07257571036672	36.3654064172246	1.47978187422466e-05	0.00697828137337494
0.810841190204333	2.25590506383195	35.8085068223463	1.62053690659642e-05	0.0074556555290557
1.44581954532355	2.2642254295134	35.2859803697096	1.76463192406074e-05	0.00775217597450507
0.982243145509788	4.21403329760008	35.2277843414369	1.78030591732169e-05	0.00775217597450507
0.862049355912698	3.16019143834894	35.0997422416168	1.81842363154505e-05	0.00775217597450507
0.530856710804168	4.56574005120419	34.7826689891418	1.91596491091442e-05	0.00775217597450507
1.08086650148909	2.01856767258539	34.6121524124535	1.97266843437546e-05	0.00775217597450507
0.729361073668069	7.98330163625335	34.1156922928143	2.1415064067062e-05	0.00804079848000412
0.621342984209961	3.47670802024053	34.0268449489711	2.17399524190325e-05	0.00804079848000412
0.459782729332666	6.42782448293478	33.8995884223205	2.22088060696e-05	0.00805624440174739
2.25996916293888	-0.993099311465347	32.0660638502596	2.36638141884786e-05	0.00837160396757671
2.03127213875997	-1.4798806825379	28.5514301214017	2.39657856252527e-05	0.00837160396757671
2.58632838088599	-1.51997892237157	28.3470779324032	2.45770929808779e-05	0.00842904917996908
1.09116043042828	2.74301559097244	33.1772298215347	2.51206755378285e-05	0.00846163040482248
0.633931143340077	6.36451118395847	32.1831821243493	2.98266290345706e-05	0.00986377343683232
1.24326013876137	1.6264945225331	32.0849694450562	3.03956292866401e-05	0.00986377343683232
0.642224770222084	6.66608608338927	31.7215037702949	3.23483597706225e-05	0.0100030673828402
0.900828663292697	5.1030857294769	31.6254498334678	3.29029598172741e-05	0.0100104601779555
0.893613731553724	2.58232719802381	31.337881162716	3.46370841394324e-05	0.0103707828273351
1.83005591512934	0.279652522443291	30.5374291525794	4.10392010092809e-05	0.0119095761328933
1.01299855875211	2.23289339562905	29.8610681491259	4.52658384766673e-05	0.0129280702774981
0.5203865242097	5.07897795831392	29.7184606987896	4.64454752512888e-05	0.0129280702774981
0.526909710932791	6.38007254556073	29.6998771996433	4.66049291666157e-05	0.0129280702774981
2.09584017170023	-1.09041269325401	27.5382292314876	5.51900137801232e-05	0.0148721318562066
1.00830151595857	1.62457458545263	28.5445410175017	5.79274647719634e-05	0.0151761912221326
0.991082909357273	1.94235586454688	28.340932436561	6.01732965822175e-05	0.0155486149784982
0.516014748596826	3.71479904599838	28.1154659266279	6.27871111572427e-05	0.0160047740237712
1.04957087884137	4.26580585283828	27.8812014151312	6.5674035445909e-05	0.0165174577415491
3.48986038418131	-1.61729809079829	23.733336260064	6.98432066360996e-05	0.0167293269373765
0.638920418447784	11.9328829974628	27.5340238836781	7.02307917556506e-05	0.0167293269373765
0.681794684187203	4.31905980869224	27.5247055746251	7.03610913434429e-05	0.0167293269373765
1.17739971580798	2.53831967781445	27.1644646781214	7.55059849581247e-05	0.0175413308309869
1.11025100709229	2.00921255350387	27.1152705525301	7.62545262228134e-05	0.0175413308309869
0.760690777059616	3.04436373421136	27.0065284328198	7.78696051030202e-05	0.0175727137888445
2.0991269782145	-0.25196383866986	27.0156601738715	7.88534550854026e-05	0.0175727137888445
0.588355579111437	5.26571591929654	26.8774860125399	7.98587136990932e-05	0.0175727137888445
0.997401284934441	2.81643310377634	26.8625300681973	8.01173400753128e-05	0.0175727137888445
1.0084198967556	1.60193024521235	26.8038792744376	8.11327460296929e-05	0.0175908849236563
1.079283950435	3.63810485633069	26.4027827400537	8.77530357019823e-05	0.0182309882225953
2.59435674472925	-0.430898421412847	24.5032266276402	8.91171156365442e-05	0.0182719146983927
1.81632103683519	0.286024217054559	26.1035019596108	9.2662808845022e-05	0.018794608206921
1.23535662654417	1.17098333692092	26.0541963079971	9.43683547794909e-05	0.0189369178319738
0.725973593270332	3.08670902391487	25.3925221306805	0.000107621597117961	0.021146522775376
0.886154266806282	1.8055980243191	25.1210926494169	0.00011384493293332	0.0221387316486723
4.14598468855511	-2.31771771253697	24.0741896080888	0.000115276271894755	0.0221388306034026
0.887531365839405	2.5833160601967	25.0216706534876	0.000116192770489151	0.0221388306034026
0.735643468238248	3.27447420690027	24.9193364153615	0.000118621891713401	0.0223204897293986
0.749916374259756	3.30489124243875	24.8832090322307	0.000119512774355578	0.0223204897293986
0.714714314223208	4.15306050282447	24.6695541664305	0.000124928971523659	0.0228789824257357
4.6717207489761	-2.11777348888013	33.3983540933681	0.00012828905850055	0.0232684279855373
1.07252730804295	8.44412349056645	24.2961714561273	0.000135077049280278	0.0242662702911798
1.13114361989778	1.69496756696998	24.2011728792563	0.000137926940819743	0.0244802036877087
0.450976094164473	7.72601149471116	24.1649330045112	0.00013886347848088	0.0244802036877087
0.991306172256688	1.30190178833686	23.9183388088004	0.000146499202779404	0.0255871709447028
0.780756754548174	1.63671774343391	23.5168189703779	0.000159531334345468	0.027607702383106
0.754192668606626	3.81066362925051	23.3670148417838	0.000164628754815125	0.0281998490079271
0.778676684979596	4.60359852067088	23.2560206782734	0.000168611355597208	0.0281998490079271
0.558571970251424	4.72063852700722	23.2471748914312	0.00016893298721814	0.0281998490079271
0.986865220601004	4.70508352934359	22.9863268616009	0.000178767120642764	0.0293842243208469
0.462746367231632	4.99989147554346	22.9641451836371	0.000179628221684934	0.0293842243208469
0.649768056482369	2.96780834415215	22.9375815720533	0.000180701374183229	0.0293842243208469
0.385338105520079	6.73287321750456	22.6718443743898	0.000191481213046345	0.0306094078109593
0.783848730008136	7.31650098700695	22.6237534782138	0.000193514327548523	0.0306744601726705
0.620012528961691	3.07848642992185	22.5754586994421	0.000195602255020808	0.0307470444704791
0.752872480987299	5.54011400659164	22.4597385467686	0.000200633495882619	0.0312772696928417
2.0578947729473	-0.745479235977924	21.7687324412728	0.000208019715812312	0.0320548356936319
1.78762558902784	-1.05293403458384	20.8196610127511	0.000209020028114124	0.0320548356936319
0.878587615832588	2.68276809528474	21.729398601537	0.000236159332583525	0.0357098385019538
1.87888191426921	-0.549146284516273	21.6459328919675	0.00023853255851382	0.0357098385019538
0.420709114382654	7.44818282981617	21.5756501529042	0.000244450272379765	0.0360535051396202
0.884102325949776	1.90817630231509	21.5637025284747	0.000245229491298628	0.0360535051396202
0.494928022405853	8.45019326424733	21.5376348118481	0.000246562167365265	0.0360535051396202
0.635560964246025	3.9653599992801	21.3864192020099	0.00025517969773459	0.0367028298952414
0.54858009269426	4.2072907043238	21.3578862026036	0.000256840033195773	0.0367028298952414
0.351387298591869	6.43588466230612	21.3110249776453	0.000259584704459206	0.036816137445218
0.491902352394106	7.81337197193826	20.8164681494485	0.000290775805659066	0.0400357957820947
0.46992168118322	4.84783737221076	20.7459406303704	0.000295559653038656	0.0403995777917983
3.50379656001571	-2.03773020283796	21.0113387978035	0.000301651873663466	0.0409356783662874
0.913027925738013	2.88548254578362	20.2241622162771	0.000333856475619528	0.0435706512297721
0.588042635804435	2.68792189753569	20.2105635703464	0.000334927870875097	0.0435706512297721
0.625888161399535	1.89600825585736	20.0391406688728	0.00034882482759912	0.0437057709017971
0.995591008815746	2.59610546825883	20.0359378797042	0.000349012933710231	0.0437057709017971
0.960053006543591	0.59607210425268	20.0443415018619	0.0003494766546001	0.0437057709017971
0.5126119672743	4.7712144133043	20.0248855267125	0.000349868600231742	0.0437057709017971
0.554644971909073	8.34242077401491	19.8308784658763	0.000366326661790211	0.0454606567193997
0.396059927320507	7.6652515494285	19.7030908149045	0.000377647082100507	0.0459584316752378
0.731544756067576	3.03935913662139	19.5523151974141	0.000391553177744266	0.0467459974163929
1.19223742969167	1.23707667376141	19.4522889258976	0.00040239114663558	0.0474951762279765
1.16945071358632	2.20538052636621	19.2573340043636	0.000420461067629783	0.0485762955979389
0.883492550069354	3.30989849745945	19.1524083190281	0.000431177755812999	0.0489958193247024
0.324158286912573	6.50420455946231	18.9728559536635	0.000450386514962303	0.0500171127883465
1.53272851053442	-1.05757678319648	18.1261906850902	0.000461876425766214	0.050192213130491
1.50044833558173	-0.0460503087241532	18.6472449572187	0.000493206197482416	0.052859934676766
0.450067574430357	6.06195138877643	18.5178563430744	0.000503625122321328	0.0536716422731481
0.786724883731199	3.32956305783216	18.4306867244301	0.000514648785629817	0.054538314850198
1.52167271180289	0.582175432721613	18.3651689834465	0.000526533282291833	0.055486018457379
0.554477355956227	6.45876972446717	18.2134622951803	0.000543184069390111	0.0562971489060751
0.460598399503479	3.75890773165707	18.1323754490939	0.000554329718322915	0.057138368725274
0.580612858643286	2.6929055513529	17.9376271678246	0.000582141112200861	0.0593563664834856
1.47358099760422	-0.139791610548247	17.8697202620368	0.000605210256947949	0.0613767799828449
1.16092738483845	1.57173866720631	17.699519690358	0.000618648739765808	0.0618668663936075
0.853260539904458	4.5100815018131	17.6845707084873	0.000620527455473386	0.0618668663936075
0.367584827512925	4.30279823424614	17.669309095159	0.000622934658583899	0.0618668663936075
2.3719646805268	-1.57590694432857	15.9615132395888	0.000623161989862982	0.0618668663936075
0.790584231072624	1.20517406465039	17.5496007242873	0.000642841411668985	0.0634864793105344
0.671723130004086	2.29347679962636	17.4885034554995	0.000652429469935867	0.0637656844114003
2.23720974464018	-2.00050031571441	15.4251648104957	0.000663725566080376	0.0645353368710007
1.12808668077615	0.29398608646617	17.3574809766091	0.000679072328409384	0.0656889299014678
0.898875982902783	0.75627799350476	17.1030605809031	0.000722940039566817	0.0684141190745845
0.50484493176252	4.26646484231711	17.0806861126532	0.000724348695470814	0.0684141190745845
0.400393405809656	8.37227125797482	17.0701773569537	0.000726301974340295	0.0684141190745845
0.423213588073018	4.90988958230459	17.0468120151482	0.000730712839657569	0.0684141190745845
0.669109980552878	3.10286967598729	17.0418272906811	0.000731722296400926	0.0684141190745845
0.504911414935822	4.88863586510072	16.8609129214042	0.000766860334128227	0.0702228440843224
0.61594008288508	3.06796020241823	16.8610643403962	0.000766893170830219	0.0702228440843224
1.28599712857808	0.7160946966948	16.8040550254691	0.000781389734200233	0.0708622815202836
0.787062521160142	4.1840482563612	16.7313387921116	0.000793265188699183	0.0715950299255153
0.772317164342607	1.37312799193049	16.6859074469867	0.000803391924831673	0.0721637232290469
2.35610404828295	-1.89556315111749	14.7013666005621	0.00082058203542586	0.0728125429028696
0.415719737134651	6.82980349098949	16.5813507110515	0.000825059519908453	0.0728125429028696
0.509066450732617	6.18172097891266	16.5767639223712	0.00082605546207995	0.0728125429028696
1.50636458714898	0.305756144868572	16.4485412291455	0.000831110896262967	0.0729174178428295
0.535390488010997	4.57672875851579	16.3265749221845	0.000882474492599531	0.0761930070969637
2.17609024050717	-0.692655943575546	16.017037471872	0.00090238485875479	0.0770212017678353
0.516431194738221	8.68655890684313	16.1538435548375	0.000923930387449135	0.0781529098585338
0.571350493278349	4.48190179052737	16.0641871230474	0.000946330771056874	0.0789851209488753
0.578303039579564	2.11586658894438	16.0150371690014	0.000959083672504906	0.0793361683185739
0.545009795275315	2.91499810085564	16.0047426790697	0.000961592474614549	0.0793361683185739
0.624838942855273	5.91005049303627	15.9785213688992	0.000968278787019046	0.0793361683185739
2.74745830217294	-2.31847754084162	14.4617726852764	0.000970257794089304	0.0793361683185739
1.37303571239226	-0.533911545624593	15.7743550217341	0.00101677926393002	0.0812690985403046
1.5707081929653	-0.917703090089973	15.6562372661431	0.0010248261468169	0.0815666481325198
0.913743478939345	3.19937116286714	15.7399537541089	0.00103258949860976	0.0818392256818318
0.899650430039039	3.09055604899435	15.6723488221831	0.00105167088497149	0.0830027945741303
0.622899889000655	2.82274553392137	15.5279912999147	0.0010937714639888	0.0849045725317725
1.34479902279585	0.163579199182257	15.4758111607459	0.0011141411942203	0.0857797769248064
0.737069772316295	3.40136572938265	15.4171619377128	0.00112727359274201	0.086277537024355
2.30891156376045	-1.84046859475305	13.7009580927776	0.0011343028074032	0.086277537024355
0.50133464960371	2.90775891478097	15.3853953280139	0.00113714489024168	0.086277537024355
0.832999545469329	2.84001628723286	15.3798285523071	0.0011389019095088	0.086277537024355
0.358070669245056	6.58578782675512	15.2529615585668	0.00117910854543209	0.0886116513644843
0.255184828472107	8.19131920340838	15.159168153122	0.00120995396614459	0.0905688954896242
0.417346649261828	4.27951807943156	15.1237599549421	0.00122185941915053	0.0910985542428318
1.54646719959287	-1.38982677909699	13.9679504333024	0.00123717166999702	0.0914792597016052
0.31891945063393	8.09506437402027	15.0455245236293	0.00124855137062426	0.0914792597016052
1.28092665678206	0.490732904374278	15.0641230672219	0.00125223114084892	0.0914792597016052
1.4060350550054	0.110003552457884	15.0793682710765	0.00125592564012073	0.0914792597016052
0.97913460286158	1.53522489295576	15.0237302744663	0.00125681427663511	0.0914792597016052
0.355382060784478	5.45400243023772	15.0099662381465	0.00126091329705865	0.0914792597016052
0.965979913911859	1.99784874232803	14.9866034651804	0.00126950866401608	0.091689142490264
0.856112944769397	2.25353512655642	14.9748592217205	0.00127352782338171	0.091689142490264
2.17804504299942	-2.09912807372688	13.1672466757981	0.00128911501974884	0.0921082447633423
0.536419480464722	4.67417998135179	14.8172091707715	0.00133037879785312	0.0939885215876534
1.65121770911152	-0.934293855151036	14.658119032441	0.00135751676670758	0.0955479058597206
1.51948937726562	-1.32599905291269	13.6914569222657	0.00139749559989965	0.0969152922827465
0.409495774870061	3.61467536334398	14.622683652557	0.00140489252176591	0.0970713832896352
1.41420610445488	-0.303471770128733	14.6353626642233	0.00141462695809802	0.0971341934881892
0.43818044114009	13.2149735369325	14.5635640509539	0.00142839391476454	0.0971341934881892
1.00277662862488	0.0886525547500143	14.5169874663841	0.00146173773139997	0.0984014332227327
0.809687882877508	1.12653675169384	14.4761858189039	0.00146531385905423	0.0984014332227327
0.957207822338566	2.58658638160426	14.4727229652499	0.00146587513839728	0.0984014332227327
1.00608927089183	1.55618840433136	14.4397364057352	0.00148018438490211	0.0990096384837179
0.570228008519963	3.29965917034024	14.4213972977136	0.00148695941865572	0.0991113622406463
0.571730741868166	6.23148587291948	14.3840130436006	0.00150271085176075	0.0994583677079404
1.46402924088953	-1.10600935117264	13.55054767123	0.00151365283340387	0.0998322846031372
0.74262776613862	1.2527743196561	14.2750423237365	0.00155128493917812	0.101957797239432
0.492203084023779	8.58052280997413	14.2490567565527	0.00156143774116606	0.102083610450629
2.24979831172303	-1.86173472169983	12.7528756387605	0.00158515954959553	0.102083610450629
0.937587549067532	4.5614307351558	14.1956267923516	0.00158542418855839	0.102083610450629
1.70461278803632	-0.782829553239452	13.8035743687384	0.00158567024662219	0.102083610450629
0.425514231092243	5.02327578484544	14.1768861242982	0.00159390514835637	0.102264737460701
0.283085618162272	6.88246489301091	14.012326111259	0.001670804674776	0.105759693222482
0.566988589723276	3.35874267469209	13.9159147095996	0.00171791079352569	0.107670389871277
1.90937656460833	-1.74328997857586	12.9223383889395	0.00172382217786808	0.107670389871277
3.07083749632262	-2.61073098455367	13.1713810401966	0.00179640175106757	0.110964853318161
1.0326744242198	0.287331535647087	13.7685631866925	0.00181104691717024	0.111276149832516
0.480067022183796	2.50625760931787	13.6760926635672	0.00184157921862254	0.112784768834016
0.707297392232672	0.857921466354124	13.6024682430788	0.00188353151962259	0.114980760694631
2.35528350557989	-2.02448763929991	11.8484500969703	0.0019073207246361	0.116005921095323
0.474449353091363	3.09795695666151	13.5458583337711	0.00191262479248504	0.116005921095323
0.563955695890036	2.05817368000367	13.5057450043806	0.00193550904279965	0.116991146427703
0.722469029163058	1.77857483157563	13.49581434099	0.00194127280029004	0.116991146427703
0.427240840302849	4.12453383945673	13.4689791911454	0.00195606036524897	0.117133862443465
0.675205425681051	3.03052887534378	13.3993982686086	0.00199650090290876	0.118731149215316
0.883730646873097	1.8089692882825	13.3957109217832	0.0019991224496406	0.118731149215316
0.520790137922052	2.89934606526124	13.3906786340321	0.002001617210967	0.118731149215316
0.537597250962489	2.15223767923785	13.3640795997904	0.00201754034260379	0.119226368039529
0.393328414084374	7.47531630978625	13.3376187333443	0.00203295255092829	0.119462878405484
0.249747261593185	6.96549892393468	13.3267821602405	0.00203945012456246	0.119472508383918
0.305675441722307	4.92953235318877	13.2956073550651	0.00205828283902328	0.120202443320422
2.74764147145809	-1.94547436161174	12.3517324726679	0.00208377727988219	0.121315712439561
0.854098540260709	0.112635876451259	13.2594698975238	0.00209644795778733	0.121677839469977
0.544874839159896	2.93293130778716	13.1926444940624	0.00212199335222807	0.122782701236436
1.67939178835463	1.31298319975653	13.1998716835343	0.00213028495079128	0.122885519959559
0.913162364933155	4.71400466126767	13.137248623221	0.00215699369157943	0.124046865866655
2.19022705320227	-2.16381008535679	12.068139703704	0.00216442255577435	0.124095752795051
2.40000209359319	-2.02415346762454	11.6219090687812	0.00225546395128185	0.127269677941757
0.638261419947412	1.53563820835325	12.9848045817958	0.00225809827860389	0.127269677941757
0.362468321639568	4.72698821328964	12.9795413872643	0.00226059953896529	0.127269677941757
0.428923436600996	4.05595410235657	12.9507429519371	0.00228015561765541	0.127269677941757
0.368652390048173	4.79968886231515	12.9170933935075	0.00230316002558455	0.127269677941757
1.38121935844528	0.67071317267646	12.9273894857766	0.00230373046944428	0.127269677941757
1.29330702649803	0.906279421124626	12.928187020059	0.00230571530103037	0.127269677941757
3.1098940394411	-2.63609169224013	12.3232059360561	0.00231437455337971	0.127269677941757
0.502712192668649	4.35349889100209	12.8969358288301	0.00231711836776045	0.127269677941757
0.413175414762137	5.18750573684128	12.8851910394865	0.00232524792850839	0.127269677941757
0.9586134021904	0.506760209664512	12.8870110776346	0.0023307990884141	0.127269677941757
1.75698812862841	-0.928559781395198	12.8010960966861	0.00234148526003103	0.127283678558978
0.511135074624914	2.8793513173528	12.804140401969	0.00238263574366592	0.129148442622903
1.59071614984153	0.27157076924679	12.8122133531343	0.00239211629402469	0.129290801301398
0.64034807356239	1.89820891218978	12.7524066600541	0.00242036592127616	0.129737627300139
0.459143010567927	5.85043623505031	12.7042976476274	0.00245514281178168	0.130363568470084
1.89854116030181	-1.25741917650495	12.0989822624069	0.00246151874379617	0.130363568470084
0.419230332816589	6.7483014575567	12.6879836652467	0.00246725303206383	0.130363568470084
1.59738909986401	1.69440481651775	12.667422562579	0.0024872038117726	0.131050629892365
0.311680178405341	6.97702003404756	12.5922465644584	0.00253969973663288	0.132608715638071
1.23716193883723	0.0785584486378089	12.6052979685596	0.00254890067212963	0.132608715638071
0.600360519165733	8.01364804111821	12.5784796860089	0.00255031315106315	0.132608715638071
0.89718860133745	1.50005882011845	12.5775355017586	0.00255240761409256	0.132608715638071
0.327999173433639	4.95829501047406	12.5582799760249	0.00256598532618862	0.132608715638071
0.473031251088284	4.50687670667834	12.5223640118353	0.00259412113303347	0.133696467028444
0.75218716222032	3.44139002901134	12.4707281838379	0.0026352545854763	0.135446341269317
0.667021112199375	4.58043482678619	12.4413953346452	0.0026588139102132	0.136285888011825
0.69776957899059	1.72244683676771	12.4002425616781	0.00269315981415674	0.13767228610959
0.489267577080904	3.03535990351589	12.3787414706944	0.00271022013171823	0.138169952282705
0.461843473359063	3.53427435684633	12.3526669178741	0.00273183310715216	0.138896409434532
0.349933789417031	5.98964015404129	12.3063405206666	0.00277073906469306	0.140119171520926
1.6944990637214	-1.57599554282057	11.2298751985088	0.00281024238586872	0.141173875953245
1.06772058302022	0.891006501340693	12.2625885629422	0.00281381375821625	0.141173875953245
0.739960591743154	1.92891225851103	12.0939021328642	0.00295850388449136	0.14655962275816
0.992349137084891	1.59144839486415	12.0590759401575	0.00299104701026909	0.146926037218005
0.460158021579488	3.69962277592814	12.0502889806313	0.00299801168995118	0.146926037218005
2.02844393098549	-1.70794068124981	10.9817807865198	0.00299862073973765	0.146926037218005
1.2295673326828	0.0728849291482777	12.0237937208889	0.00304885456090921	0.148991045550338
2.6672812315401	-1.98552170064177	10.7788760375807	0.00306701629869048	0.149491287964337
0.502432058540186	3.46475850727733	11.9436827341948	0.00309879067808594	0.150650743713235
0.983076611541784	0.442160004292485	11.9415847559112	0.00311673928716152	0.151042401441685
1.13960214446134	3.8257988225021	11.8781286450191	0.00316262540247493	0.15257443214037
0.335067949290817	6.08096796697196	11.8650719679918	0.0031753723281478	0.152798592412888
1.03201107392389	1.01737494715067	11.8283344169298	0.00322310071538641	0.154307991863791
0.758419233648991	2.64950487221945	11.7960255059537	0.00324480324081107	0.154953730459289
1.1249044359852	0.591177710749172	11.7568435436731	0.0032939116628434	0.155721944100789
0.673902685875322	0.754976773588561	11.7219325682517	0.00332495193315044	0.156728923649231
0.618508824517994	3.09496063954464	11.711375764306	0.00333182942179621	0.156728923649231
0.626412074259733	3.31729007858715	11.6738331505282	0.00337126525633449	0.156993093829532
0.517782636100437	3.8108201350285	11.6654411717756	0.00338010135095903	0.156993093829532
1.53137178939943	-1.61983843337753	11.0532634730014	0.00338724821032261	0.156993093829532
1.26284757372049	-0.623409442489762	11.6865032929421	0.00339484903874018	0.156993093829532
0.961306912674611	1.16993477845928	11.653476113659	0.00339654446584182	0.156993093829532
0.863288634162696	0.397763437081184	11.6573665794003	0.00339856427337631	0.156993093829532
0.296960097566327	6.66037262662655	11.6362231730714	0.003411206380467	0.156993093829532
0.318643822823081	6.21124429292235	11.6343818509507	0.00341318294231414	0.156993093829532
1.03394637721418	1.00968053644249	11.6364498941577	0.00341710717423259	0.156993093829532
1.32843871855712	-0.347339133687156	11.6633195326986	0.00342067335863531	0.156993093829532
0.677473848785187	1.5101711475887	11.5727446648416	0.00348143516568844	0.159008018233368
1.14743453220874	0.159316358984576	11.5123578926307	0.00356792765890677	0.161395250431555
0.459032866592755	3.79447701425945	11.267973290319	0.00364694250724612	0.163463656634849
0.386311026658933	4.63586659106685	11.4234951293728	0.00364831678117327	0.163463656634849
0.865648591249062	2.81700159496222	11.3626703182361	0.00371970910900618	0.16587440407372
1.12651132038983	-0.168599759404832	11.3605051257004	0.00375262093148031	0.166206475777618
1.51999120553742	-1.16084769545587	11.0198953862953	0.00375358949696578	0.166206475777618
0.347615573579248	3.5563717239891	11.2924697652872	0.00380364904258132	0.167636685251394
1.31098906742339	-2.08111064300343	10.2590396792127	0.00380928809260892	0.167636685251394
0.539571358875665	1.40447455280024	11.2759106620028	0.00382523324602827	0.167803197022864
0.522897564317616	2.77586645261661	11.2522605916773	0.00385293403484819	0.167847331869149
0.367688990120198	3.69104387380318	11.2268464577194	0.00388419945470965	0.168513049935549
0.447387866058653	2.51786950182878	11.1537667507756	0.00397641542690766	0.170408790748749
1.01571083024907	0.022726142910323	11.1720385981439	0.00399303851513264	0.170408790748749
0.504641212486706	3.18304053213956	11.0831363870812	0.00406752159938383	0.173195620607624
1.03865052372329	0.45984689156281	11.083996721981	0.00408284369762712	0.173456487991758
0.628102701664996	2.8345476127508	11.0137653382021	0.00415952296205166	0.175303739443495
0.78728157404017	0.71284350706809	11.0143195149042	0.00416349866249726	0.175303739443495
0.848279444580718	2.41801969862027	10.9782930567746	0.00420765431192795	0.175628679067522
0.49095290734297	2.32599869910796	10.977425568806	0.00420889035550269	0.175628679067522
0.559709332146384	6.14525113815584	10.9704988416329	0.00421776979364828	0.175628679067522
0.565818623372401	2.09008132256122	10.9588839846852	0.00423428649806336	0.175862554467024
0.844483106001487	0.327758434565245	10.9631728985036	0.00424203267149954	0.175862554467024
0.296574723211757	5.95768337530442	10.9323783072511	0.00427010145812793	0.176251474408462
0.281697818572776	6.93487411477853	10.8942571709073	0.00432316650759531	0.177278021375588
1.53851224614921	-1.75991883580132	10.2878505717027	0.00436167505654071	0.178469146619365
0.253077374498699	5.42718627023859	10.8448057026997	0.0043931224241191	0.178674414672904
0.227525408290922	6.7168117005125	10.8434125537848	0.00439510832890989	0.178674414672904
1.6069333071561	-1.44184118746236	10.0053872074989	0.00469505466808216	0.189278642944789
0.603051031908213	1.21147461132041	10.5723772320219	0.00480538809118316	0.191636438824499
1.53695966896512	-0.620803173023806	10.4392346973426	0.00485576303049652	0.192830016935275
0.286840836105597	5.43763645389555	10.4763025919253	0.00495657864147037	0.195598206933171
0.667958280967982	2.71048478311834	10.4370272226407	0.00502168125153452	0.195731533438407
0.506436769120703	3.9821354367703	10.3595300827384	0.0051519328302193	0.199196169591065
1.25582860202062	-0.806045138656909	10.1664592440283	0.00517184533793294	0.199196169591065
0.35966336218902	8.16362559784626	10.3463019834751	0.00517449765101069	0.199196169591065
0.590093368280461	1.19865843539849	10.3459082367478	0.00517761744290282	0.199196169591065
0.57244000949964	2.64566106994779	10.3403946817824	0.00518503521545953	0.199196169591065
0.281849153589821	5.78779115187999	10.3266778541444	0.00520832847551747	0.199279310413156
2.02265141854829	-2.32325012358708	9.19016103250357	0.00540630294733543	0.206018368677956
0.381809956365436	6.54051358307869	10.1959573655149	0.00544014750075937	0.206890125618597
0.867700482996945	2.72973135624121	10.1899597687916	0.00545144486237963	0.206902624625889
0.525991969637874	2.90990520344656	10.0801357527013	0.0056557406977283	0.211675072978668
0.73324353765519	0.685519067662785	10.0773570388665	0.00567031589340863	0.211800334054192
1.42795811379781	-1.15027650634752	9.61949590639123	0.0056902623237228	0.21212533243554
0.537571763266659	2.35252439541642	10.0561341257771	0.00570166888798548	0.212131321960691
0.67645976334902	1.54643006176459	10.0276275476526	0.00576070441510791	0.213485594071082
0.494616550376013	2.93719241249399	9.99487059152618	0.00582016102724225	0.213854756628236
2.19024537292384	-2.02472704375013	9.20756598549701	0.0058214602620831	0.213854756628236
0.410326218664796	5.6401852125544	9.9906649951303	0.00582815599206731	0.213854756628236
0.303612944644349	7.32194421513059	9.97491556163926	0.00585918814180388	0.213854756628236
0.434388468095519	3.87264944246803	9.94652228957975	0.00591572143865295	0.214592795187136
0.321358948204642	3.99835085097693	9.91810504942925	0.00597280830702782	0.214936974784996
0.959306219860393	0.0397091116969078	9.92118912693442	0.00600513216748512	0.214936974784996
1.26839269163919	-0.404323148809569	9.9302797323728	0.00601636657405917	0.214936974784996
1.00618460951719	-0.345359806585595	9.87849966264102	0.00609010290328893	0.216750209556112
1.39216240731024	-0.894038938829454	9.70796422825091	0.00628837878058958	0.219925015484648
0.685274007251371	1.48980638855441	9.75302036037938	0.0063192153100079	0.219925015484648
0.367645427119708	3.12615857259614	9.74392984300733	0.00633676284503621	0.220129571907768
0.740322591175157	-0.0830514011749565	9.74609231336275	0.00636886679605143	0.220838114657938
0.735490439259335	3.5008407464238	9.68921858169908	0.00645621220676407	0.221434527703214
0.760118256353178	1.13254621947722	9.68957052727973	0.00645938715007868	0.221434527703214
0.273301912981908	7.28640303582724	9.6735793813624	0.00649055218727648	0.221434527703214
0.319837606041681	4.17433588900565	9.67146592301893	0.00649533719238876	0.221434527703214
0.753160886816077	2.71711287666235	9.65646383807606	0.0065291114808436	0.221434527703214
0.570074536734219	3.74555592974506	9.6558689430138	0.00653012647047769	0.221434527703214
0.440718218257591	3.94887686976891	9.65103778564095	0.00654097666843774	0.221434527703214
1.19427571857537	-1.36790591735925	9.50175150720002	0.00655041438044815	0.221434527703214
0.864556679770225	-0.234290682011478	9.6408269293929	0.00661545841437698	0.223233259517698
1.54893213441564	-1.45893813110477	9.19574285674181	0.00663834986524863	0.223605702693187
1.21206248588158	-0.484836396865296	9.51601527560095	0.00688336618500667	0.229806966987223
0.768800100017791	5.04493117525704	9.48354144031728	0.00692823103383186	0.230806079210186
0.524634519028322	4.2374801010815	9.47958450502966	0.00693776424281266	0.230806079210186
0.419557714601114	2.91120591433165	9.47295876490151	0.0069539408414357	0.230936947345073
0.339690329342012	3.95571124046594	9.42676288054934	0.00706550551643936	0.232915612988433
0.684107451255622	0.977800235866214	9.42049681583715	0.00708478587288167	0.232915612988433
0.250558676380106	5.2774896504609	9.41768352762252	0.00708760864419023	0.232915612988433
0.961294219320428	-0.343071941647083	9.43142714455968	0.00711445313355316	0.233391181666458
0.397403817311484	3.49462829968834	9.38307915115314	0.00717320751393177	0.23450296938526
1.72496330669943	-2.0826423356234	8.65519963033099	0.00721685213620784	0.235214144418313
0.349337668268598	3.92633825647574	9.36432868157244	0.00721990084388504	0.235214144418313
1.73848760315068	-2.00579998959319	8.67815008233879	0.0072521869634486	0.235858625330226
1.06491532803176	-0.268916861005919	9.30024022082008	0.00728326442799593	0.236055355507366
0.750650054460087	2.04906259935383	9.32532168262445	0.0073196070211648	0.23682632459731
1.86108914163795	-2.26966166480524	9.82161384643564	0.00734760440638026	0.237325106023204
0.580917226534738	2.18652788772837	9.27940935036517	0.00743676553754596	0.239754290012719
0.518952341628166	5.45438374937241	9.27467071111167	0.00744823272795704	0.239754290012719
1.42277792856099	-1.3548379342928	9.08971371258069	0.00753967461942635	0.242284297012333
1.12956042228288	-0.128642876904517	9.24422205737107	0.00757086474531022	0.242872826004739
0.928042892660429	0.235032741741377	9.22728492757066	0.00759887143856572	0.242944935501127
0.55728250204678	1.79839757667938	9.2108174121292	0.0076178124603759	0.243044920427436
0.576719088525438	1.83557954574547	9.2006386995385	0.00764480275116448	0.243044920427436
0.655947245850756	2.01201884178693	9.19833350052636	0.00765021144404698	0.243044920427436
0.446092890838618	3.28983262457049	9.19678934205674	0.00765353775825145	0.243044920427436
0.769665943095702	0.836791865298683	9.18058956049234	0.00770618286129605	0.244305424054836
0.259547448270574	5.11320845350436	9.17091913821584	0.00772287551996515	0.244423827068964
1.08133616865054	-0.317580278210388	9.17055924137808	0.00777056781085886	0.245103356806856
1.72015677415917	1.21095205671872	8.71548912260667	0.00778332771708141	0.245103356806856
0.640949480775773	1.2656190379376	9.13814830280659	0.00781525780812568	0.245558530366304
0.690465022736895	3.69036231781516	9.10091763309226	0.00791482369691839	0.247590911102772
0.292069453455753	5.26368462920727	9.07998001436521	0.00797305918883516	0.248177913331679
0.295878652712335	4.17047732200649	9.07471136133065	0.00798793077078263	0.248231199553991
0.522509241806555	4.02068188082539	9.05495380600947	0.00804364196384697	0.249318057601636
1.77212988937601	-2.25559845464331	8.48239790900127	0.00804933982290177	0.249318057601636
4.23483272574814	-2.60770038999693	9.11271457217129	0.00811061233590163	0.250393585093474
0.30581384384799	5.19027413594422	9.02257492948668	0.00813571210365285	0.25040864951592
0.233047353020019	6.29803134867361	8.97286003374071	0.00827961045753906	0.254362039186579
0.732295624399492	1.43298033358971	8.96085278694012	0.00831749968712236	0.255110563574291
0.541229022286913	1.93313968493076	8.92545702420508	0.00842061838001851	0.257200003457557
0.403827664579345	2.77123792472326	8.92302560692776	0.00842723938124112	0.257200003457557
0.261192455497269	5.19062294707539	8.91397918410349	0.0084537985550382	0.257200003457557
0.519967239802402	1.63747728398554	8.89394396100779	0.00851591828361561	0.258672732019068
0.335040270628771	7.95736597101765	8.88576169340476	0.00853873259883209	0.258776341784374
1.53554512943665	-1.74024095689954	8.2454568815282	0.00858355509658486	0.259260642976159
2.66726783243546	-2.18591193526096	8.22480693977473	0.00861780282557911	0.259598816884166
0.430347209791362	6.16934052391735	8.85251874762282	0.00864005215555295	0.259598816884166
0.403934345610131	3.29193160946026	8.85176414556581	0.0086427427770374	0.259598816884166
2.31282419658296	-2.44219886297881	8.2517849122267	0.00885390395108326	0.265518585420165
0.352812311106889	4.98063878144658	8.76817702046265	0.00890327496702921	0.266177358580461
0.288103188305583	6.23511277108165	8.75656749832282	0.00894020381317049	0.266643907829956
0.225161122482826	5.89816696720561	8.75413330936398	0.00894797188444904	0.266643907829956
0.637529138616575	1.11833540563645	8.74732903727741	0.00897335914846743	0.266978665011894
1.63211071742408	-1.82307478968934	8.32936660900414	0.00899428051140927	0.267003879342029
1.66763631003795	-1.48037814609996	8.35082166543972	0.00906253247051746	0.267486761910262
1.7525645712923	-1.6355792932763	8.31235268002574	0.00910583466372154	0.267486761910262
1.01956197537205	0.295757006287264	8.70443169776483	0.00913224640291313	0.267486761910262
1.13280773135739	-0.75433749327666	8.68586320992519	0.00915576757224357	0.267486761910262
0.727153505106552	0.660121614865062	8.65608037431611	0.00927794235379232	0.268602991503425
0.483277555076377	2.73543361124618	8.63624990124192	0.0093339389215184	0.269214204704284
0.821082415285437	0.234452548733582	8.62501245184789	0.00939673318210986	0.270328672780459
1.39264852244726	-0.217151161148195	8.62043714491714	0.00940124101913698	0.270328672780459
0.694179814806903	0.799061770751902	8.59641937293776	0.00947526047156713	0.271224978318257
0.882166742005391	2.98924819677341	8.59430026012178	0.00947554793573298	0.271224978318257
0.575553112478277	4.88619631707934	8.5868543443994	0.00950055510137214	0.271528743753307
0.434645646804862	6.38386606945771	8.57010112479417	0.00955794975025333	0.272343815919983
0.986259249375818	-1.06219699408919	8.5481480661712	0.00962892853252882	0.273530436050125
0.376823382464824	3.71969737272105	8.54581827915047	0.00964309706692112	0.273530436050125
1.21123266052584	-0.920185908349729	8.52033993846329	0.00969939899996065	0.274614079887191
1.0322415220549	-0.870461553044702	7.97698573099042	0.00974164274040764	0.275084741036391
0.569259043690808	3.09550310795556	8.49858727667442	0.00980799711453301	0.276083737026674
0.387105686183225	3.94781977684962	8.48130984628301	0.00986920089627504	0.277027881706006
0.625100436621669	2.5561174627159	8.4359975945431	0.0100328532836568	0.281203137428853
1.91558084239606	-2.22817973657017	7.81183896779937	0.0101124814331247	0.282519454571364
2.38562579542713	-2.23149927311171	7.66362208302546	0.0101269544664627	0.282519454571364
3.56513903947393	-2.66800696483334	8.315675447642	0.0101718227130168	0.282519454571364
0.655849686113813	0.766323254075924	8.39866850185911	0.0101807517230388	0.282519454571364
0.899411877625015	0.379185749482343	8.39362821218748	0.0102128826904299	0.282519454571364
1.15344940101876	-1.03043105518012	8.294846206676	0.0102416558965962	0.282519454571364
0.640661585755779	2.73483799340364	8.37646554178669	0.0102516923370264	0.282519454571364
0.383004388713078	4.52671858844457	8.37425204452202	0.0102595465398603	0.282519454571364
0.188477842872152	6.77703402779043	8.35126664337946	0.0103455636724399	0.28292436846301
0.763871735674647	1.62061332708417	8.34576697846516	0.0103685503416371	0.28292436846301
0.330868652537666	4.63940448863954	8.34221086426601	0.010379761855448	0.28292436846301
1.05374903878085	-1.17244937692068	8.28349514872855	0.010397566243721	0.28292436846301
0.395095962108264	5.68152772715503	8.33440736831061	0.0104092409326899	0.28292436846301
0.452972976171222	5.49274820542003	8.31792877381372	0.0104719069685289	0.283809743027817
0.889498908738037	-0.130984370472729	8.31861780338991	0.0105249548985567	0.284023210660193
0.594377664339409	2.73728250776933	8.28966074689785	0.0105808857321511	0.285124639379381
0.723500274212984	0.385662631230488	8.27116401545039	0.0106694541212938	0.286702609979292
1.06380590959911	-0.551719952072034	8.2630439272273	0.0107885177585567	0.288657887205183
0.720654523279797	0.712018237429078	8.23347317226616	0.0108087914008787	0.288790697159737
0.565266166543451	1.30242257311935	8.22656308469064	0.0108303367904865	0.288957062063575
0.24468722770185	6.60326615027538	8.2128422271437	0.0108817361708406	0.288974148992695
0.776220639386597	2.52647718044913	8.21198580723917	0.0108858797029324	0.288974148992695
0.698785533539279	0.739356456235411	8.21211917016729	0.0108922557352386	0.288974148992695
1.75632364165826	-1.68199295186888	7.70819426392195	0.0109352539673242	0.289301115828382
0.394235074708367	3.21272100494474	8.16759746359057	0.0110640510519442	0.291075585764051
3.06251858313059	-2.70043161130371	8.07566194994503	0.0111452976801748	0.291829458662085
0.831605802252008	1.28597245161784	8.14681150146036	0.0111522870102555	0.291829458662085
1.07257035143373	-0.153449809500148	8.16590117560627	0.0111545904519622	0.291829458662085
0.714453264820128	0.707078904863839	8.1358623939602	0.0112034770265007	0.292185097174034
3.36959685710161	-2.69520472653751	8.61948566205357	0.0112957436418025	0.293723860108188
0.896096247876888	0.296402198857776	8.10688324225175	0.0113342694025406	0.293723860108188
1.92810770217094	-2.18627617387394	7.49016618149629	0.0113360001144442	0.293723860108188
0.236248965493574	4.98791417598649	8.06206381108003	0.0115019947183916	0.297208392291809
0.465874322539118	6.29221815278159	8.04173040511538	0.0115886729463635	0.298629969654719
1.76071704728764	-2.16247206796851	7.4442890881643	0.0116555873337782	0.299352798897873
0.615155178190923	0.864118284639976	8.02001502295292	0.0117334412192867	0.299902305852853
0.496886761427601	3.21362522290849	7.98834347008433	0.0118200827529344	0.301300298606218
1.33630889229927	-1.34284219956774	7.86697105147786	0.0118745612720339	0.302279959404546
1.0168717846795	-0.168623819124656	7.98812898510792	0.0118905651210398	0.302279959404546
0.503786038158389	1.56195216045166	7.9629143191409	0.0119340057023622	0.302975975186618
1.70093676760026	-1.76038346483791	7.47155988553128	0.0121345947274386	0.306829571506267
0.859671219108667	-0.151656654756956	7.91855643692253	0.0121932545292099	0.307293008552288
0.303311397501747	4.06758643762809	7.9026824113224	0.012201795229055	0.307293008552288
0.534800515467949	1.0418068489832	7.8604857226787	0.0123999596717995	0.310012651900191
2.66613959157488	-2.39322587655758	7.38821280844641	0.0124029486861053	0.310012651900191
1.1652853075973	-1.33104849150063	7.64116439463516	0.012523815438284	0.311539245123836
0.792562487757323	2.22911900715789	7.82224512260638	0.0125765380744918	0.311736186201235
1.15127869302084	-0.613050574114093	7.83108411053596	0.012618287564889	0.312360575244753
1.78971401526585	-1.31181052345404	7.55226365184208	0.012663065042555	0.312653849408502
0.304062580420341	3.49087841141099	7.80315581235634	0.0126632847875786	0.312653849408502
1.24209386776176	-2.08450336200548	7.29339896615103	0.0127131515395254	0.313474741817081
0.725634960885471	0.176710433547111	7.77085150969912	0.0128609405023073	0.315880105071645
1.60344551907902	-1.73240216677149	7.26506165842492	0.0128973315438434	0.316361982979867
1.03112605700258	-0.135957417510187	7.74683185730331	0.0129972272673654	0.317188700281516
1.11708143701228	-0.04865375121881	7.72848763155547	0.0130117079243452	0.317188700281516
0.579574642583315	1.24824739705018	7.7024224250754	0.0131543425898337	0.319344098162205
1.8007521572835	-2.10081324157836	7.18257666671528	0.0131774885041838	0.319494814465835
0.423701573078798	2.43455522662838	7.67724523635893	0.0132762058213838	0.320433289870987
1.44118753993674	-1.92986100596003	7.29371715600112	0.0132975242873651	0.320433289870987
1.61889437369565	-1.2302192197032	7.514124441487	0.0134468678215868	0.321961268736208
0.759068179236624	0.312255730369187	7.64764109040812	0.0134499008516213	0.321961268736208
0.692367395735387	1.28554957017985	7.62822914698378	0.0135364660269805	0.323622761301564
0.467678600624734	2.50065471303191	7.6009832779439	0.01366366313774	0.32578393888191
1.46737482622408	-1.73976038067496	7.21510236383375	0.0138080876517002	0.328037729690203
0.313190887651717	3.65412722701075	7.55614388866487	0.0138966783326062	0.328544239034226
0.558010457883117	1.73728032877403	7.54573688463802	0.0139542934409539	0.328678204022827
0.842880171146984	0.0845476798220601	7.55306805220131	0.0139570185772297	0.328678204022827
0.311976727397722	5.74865673350929	7.52129472002529	0.0140812042031105	0.329607533244105
2.13726506981392	-2.3718187235355	7.02393533090363	0.0140838504900996	0.329607533244105
0.749500706653366	0.454048353112664	7.50220831479144	0.0142106432843229	0.331751688455672
1.75038458375612	-2.06165017105457	6.94117235642828	0.0142648196753965	0.332194189551857
0.315354388619228	4.63293761139108	7.43076554800933	0.0145744481593597	0.336909087781865
0.990287761543265	-0.967291477443658	7.29178854123128	0.0146052815150882	0.337112324806204
0.712970521846587	1.96477820660018	7.41267467495749	0.0146769042493162	0.337112324806204
0.642702141075242	1.9787444733035	7.40507554641207	0.0147194300648219	0.337112324806204
0.262553286753985	8.15323073621733	7.39715180091907	0.0147624862756767	0.337125377703773
1.09222427250857	-0.730175533387093	7.39150917611553	0.0148129722302405	0.337125377703773
0.775702124998212	6.51262452025105	7.38768176232815	0.0148159802250654	0.337125377703773
1.4537104050875	-1.84584910519814	7.02174020478581	0.0148161447339463	0.337125377703773
0.553238080345872	1.19616720604451	7.36483465815742	0.0149501255851471	0.33935525741592
0.296247287626528	3.76026300650256	7.27607031320258	0.0154635360128307	0.346423610225683
0.220061148842668	5.12640170074065	7.24169931268243	0.0156691485461689	0.349681212136758
2.17466266008809	-2.0601306240567	6.8602770649569	0.0156830994787519	0.349681212136758
1.41123819752422	-0.930641456494117	7.2116820957911	0.0157895411225498	0.349755745664013
1.38532393401152	-0.145667522628162	7.23256167864697	0.0157978359287169	0.349755745664013
0.547620858553767	1.408823198968	7.21825604980397	0.0158160020309071	0.349755745664013
0.488994991850211	1.15316687376599	7.21819828218849	0.0158162355432012	0.349755745664013
0.197194034509535	7.42349581672786	7.20382051061902	0.0158995432675996	0.351186281799452
1.28154373141716	-1.49084229659322	6.95538506407005	0.0160674829778859	0.352829955077838
0.336771403897869	5.47927206292822	7.15438656892508	0.0162060861091838	0.353988119909938
0.347451360518623	5.03763628654225	7.14571081761664	0.0162605910951924	0.354591972205206
0.89410591891302	-0.253553850211153	7.14369558805833	0.016353931197727	0.355087833202174
0.59838115020502	0.943303393289759	7.12661186160025	0.0163881007832702	0.355087833202174
0.650558720516767	1.5950732515654	7.12495956473228	0.0163961990520646	0.355087833202174
3.496192852471	-2.57699481250859	7.45581762861697	0.0164552540423037	0.355090862313945
0.305802770952972	5.11167653434422	7.1041908513461	0.0165242570514643	0.355412840093239
0.374813772698981	4.62758673634087	7.09509501586001	0.0165827357895616	0.355859095788965
0.37449167451039	2.92747057962455	7.08990083515621	0.0166166038936169	0.356180680960564
0.614008237344879	0.939709238526218	7.08057414319706	0.0166831388702785	0.356676629839585
0.866070826190666	-0.0922398767022146	7.08860726144382	0.0166964673778483	0.356676629839585
2.23668978736988	-2.18522788929078	6.62052206845778	0.0167604064062887	0.357098005534806
0.248994372259271	7.92001516449662	7.05976159903306	0.0168118061570981	0.357098005534806
0.741500385230945	1.04605826985913	7.05944232440254	0.0168204352070261	0.357098005534806
1.92170062490396	-1.87608526759314	6.76261586557954	0.0169880553829264	0.359647237584895
0.202885773776318	6.44773434177173	7.02591288448608	0.0170347185262239	0.35966579878579
0.548609290759998	4.42505046865552	7.02421116930056	0.0170461339190212	0.35966579878579
1.78799050564248	-2.18304357290972	6.59571124909108	0.0170950730434105	0.360295377450113
0.358942245744603	3.32403344544952	6.96571849982654	0.017439817888238	0.365519205362037
0.965071830739689	-0.501167021496846	6.97930284351307	0.0174603212051006	0.365542773464831
0.424526504940698	1.97587843704166	6.9408955623034	0.0176114330927055	0.366451766326883
0.601938300186007	0.961482989995435	6.93015739065806	0.0176913539492871	0.366716494005936
0.219877307599179	7.3593102169437	6.92597034251959	0.0177127979565405	0.366757966909136
0.332140741450216	7.00246143596222	6.91457107231451	0.0177920756931028	0.367209604148675
1.34779727563787	-1.23401102525956	6.84815259965361	0.0177980537949858	0.367209604148675
0.382467074589426	3.43650162124405	6.91122946321059	0.0178157032748614	0.367209604148675
0.298140340750701	3.72522619101074	6.90170065831811	0.0178823046691681	0.367845052316814
0.158193069754836	8.17498908476538	6.89280153314918	0.0179445996222263	0.368688202011368
0.261601799779432	4.16554374211258	6.88480026267909	0.0180011964260557	0.369083226287704
0.290803991219679	4.27210450506712	6.87885713559873	0.0180432243606686	0.369322987509361
1.26003505667285	-1.32900544797494	6.75097394560712	0.0180688142415653	0.369322987509361
0.626683696926305	0.292058994532455	6.87911525210467	0.0180716279208578	0.369322987509361
0.811514753408465	1.23069893278977	6.85983705183428	0.0181838231284154	0.369883174262766
1.45298462916887	-1.76072784422059	6.59737361641135	0.0182698978351118	0.370963490703675
1.56307038628289	-2.20841656792266	6.41464431729607	0.0183258429306902	0.371699328173773
1.73588521239959	-1.60496866855594	6.58065889246821	0.0183763877904107	0.371924681213
0.497024122357174	5.07010753736019	6.82576906152567	0.0184237370960139	0.372483336379539
0.424130512832687	2.01707197641254	6.80466648632692	0.0185794807781718	0.374428147348989
1.81624595425587	-2.37077426747922	6.31038515252699	0.0186488020073958	0.375023829707363
0.312182091177208	2.76267179639064	6.78651662609616	0.0187117283025909	0.375338423773662
0.332854229210383	4.9303441857909	6.77428342872862	0.0188016233050713	0.375338423773662
0.210723652135103	6.55755029743683	6.76958398176257	0.0188365286767094	0.375338423773662
0.949358205040794	-0.455353849379768	6.77647612870855	0.0188956319415425	0.375338423773662
0.292889524055811	3.20537174675304	6.74902652201293	0.0189905755906467	0.375338423773662
0.514161193117536	3.8650596098004	6.74729117398513	0.0190034875548571	0.375338423773662
2.78083371855415	-2.66786655359163	6.55022438040634	0.0190612864727834	0.375338423773662
0.941512213773093	0.0345786813172771	6.74714668739326	0.0190718526429154	0.375338423773662
0.671740015318483	0.539538018118078	6.73577136890304	0.0191077268403281	0.375338423773662
0.246027001377476	4.92942068074064	6.73253998748125	0.0191145232724509	0.375338423773662
0.708176121167279	1.13212553448198	6.722010792219	0.0192013441279455	0.376385170114967
1.58703199932629	-2.16424716384934	6.2981187422797	0.0192990285477221	0.377241010876355
0.280933267533854	6.14180497720845	6.68644352827816	0.0194669322224784	0.378870933301505
0.245006938262732	6.75093126727294	6.67890158502323	0.019525295030968	0.378870933301505
0.248109753337321	5.66806394252484	6.66958529524823	0.0195976748526472	0.378870933301505
0.613604970884193	1.84949957114244	6.67439733510402	0.0196234375144765	0.378870933301505
1.83916289989433	-1.86199866782105	6.34158203977333	0.0196856719733561	0.379435487452346
0.493772605167896	1.20717051538464	6.65448173978832	0.0197205216705905	0.379435487452346
0.570487609112929	2.38500405368924	6.64943191573606	0.0197563576876693	0.379435487452346
0.483192554102141	3.60429524744105	6.64760228934582	0.0197699584326026	0.379435487452346
1.17821280425383	-1.47965399429197	6.42354055749481	0.0197821040209142	0.379435487452346
0.518631377860135	0.806984873809067	6.6275539751412	0.0199374883976683	0.380263744838441
1.24052892880793	-1.84494622901617	6.35729787632413	0.0199931155913511	0.380896139300522
0.203194730460108	4.45897886478628	6.6119858651222	0.0200521054359936	0.380896139300522
1.0477793902672	-0.7047666383575	6.6271248272121	0.0200664291152149	0.380896139300522
1.01980842936965	-1.15417109303853	6.5667301061262	0.0201068474798912	0.380896139300522
0.306123492167849	5.21445937833588	6.60449194311003	0.0201119946319949	0.380896139300522
0.322485337459964	4.08821876260116	6.59332328633651	0.0202019596658576	0.381451016193265
0.880340744658995	-0.434170644345003	6.60003140397502	0.0202377239931682	0.381744187683131
0.335989004724214	3.5544981872727	6.58525814932734	0.0202672040779312	0.381748416858923
1.40648603612762	-1.77382124688025	6.31674717810755	0.0203007555604191	0.381787788769875
0.668882655527242	1.32782601622629	6.57072992069642	0.0203928346088389	0.382888908340246
0.180324569696507	7.98673374990854	6.56638660477341	0.0204202004872124	0.382888908340246
1.41479581181558	-2.1202805228654	6.31540442553784	0.0204520503393021	0.383086339987508
1.80615628986613	-1.80093297065563	6.57804694171256	0.0204916565258652	0.383086339987508
0.279915026763076	4.22598263701887	6.52650605253817	0.0207487239715203	0.387124807393459
1.60300032673071	-2.22847400230746	6.0320860688804	0.0211671431550103	0.392810573897501
0.76572327409408	-0.262488104735274	6.47684233063933	0.0212625914678399	0.393669477598442
0.217026523579204	5.10755271269188	6.46182306105313	0.0212940793803901	0.393794332698331
0.457770995061686	3.50905565060479	6.45480229977969	0.0213545575899018	0.394525974356825
0.402757237055807	9.74467845901531	6.44606785299943	0.0214294020415573	0.395521341203419
1.48646797898004	-1.83940601443713	6.13783642530201	0.0215738651904729	0.39779845463137
0.576771223434906	1.71479914665552	6.4236820798673	0.0216258456536127	0.397978855184484
1.88205238861371	1.39811219135342	6.28699122813235	0.0216540346067656	0.398109215192417
0.396195239377679	2.58491678690978	6.40737957874779	0.0217667321707952	0.398503895639865
0.334552403923912	2.49486355527821	6.37980493589256	0.0220103638405287	0.402307648375865
1.12522493404166	-1.63966790017495	6.18620460913006	0.0220886806128523	0.403348288867603
0.717721734135002	1.53287162824428	6.35664508132005	0.0222204335408823	0.40430514742506
0.176421463545749	5.50719731377571	6.34384309019232	0.0223317897478138	0.405322132715274
0.438675611074392	1.50561746318561	6.34134068666754	0.0223579205561148	0.405322132715274
0.195500731787082	7.40821525424461	6.33976441270406	0.0223686762528018	0.405322132715274
0.61895984859826	0.792724854833574	6.33172349857503	0.0224517850898751	0.406437641219112
1.36508697181739	-1.23204298918349	6.10921325656044	0.0225174742144467	0.406492583883546
0.328995557824872	4.14647615211216	6.32319520265876	0.0225194693398879	0.406492583883546
0.336118492332273	8.82667361335766	6.31972337745293	0.0225509787094405	0.40667219062732
1.21561969449629	-0.95957829340384	6.30445004156905	0.0226477392996036	0.408027035729152
0.31676020810351	2.96627958690277	6.3037715628384	0.0226977978948681	0.408526115572125
2.3896999606859	-2.20648440858608	5.98082340099933	0.0227187560427906	0.408526115572125
2.11129339491629	-2.49633932022905	5.89273510980601	0.0228041486536047	0.408670456805151
0.444231282587088	1.80162695914936	6.28917498948133	0.022835109021504	0.408670456805151
0.432074755959048	3.4752955777323	6.27748816599299	0.0229410794061884	0.410177801743063
2.48935613336016	-2.44236692917416	6.35489614019038	0.0229709980347203	0.410323802963001
0.328164288472766	3.26530889479029	6.2367584951873	0.0233243918624419	0.414583065501088
0.807366408475411	-0.655661371974843	6.245305010233	0.0233511978458189	0.414583065501088
0.198989259555474	7.8981057486353	6.23262128867917	0.0233632931467771	0.414583065501088
1.13624476709433	-1.29962691656847	6.17885954084658	0.0234100205161792	0.41492755665066
0.509087065667032	1.61451870641124	6.22091882947235	0.0234781447935249	0.41492755665066
0.245147839288942	4.15453791715756	6.21712927587666	0.0235114377003939	0.41492755665066
2.25523706935219	-2.27369748245314	5.94788691512501	0.0237013501949543	0.416680914683942
0.36783269249649	3.89073458393232	6.1973030494063	0.0237024132670238	0.416680914683942
0.169799759401408	5.72260741956983	6.18360726923863	0.0238350945401901	0.417923172600263
0.527567533379224	1.75717728520408	6.17659222797316	0.0239060963885358	0.417923172600263
0.312915961004975	4.40934491932139	6.17608723160739	0.0239085772430577	0.417923172600263
0.558414698689678	0.656128840886497	6.17803736487217	0.0239259218389547	0.417923172600263
0.523918299411348	0.677081549570936	6.17406812758731	0.0239426364811138	0.417923172600263
1.3494824041317	-1.79463398078513	5.88043942181784	0.0239467215642593	0.417923172600263
1.3765771277501	-0.832505590060673	6.17215514958339	0.0239641099369673	0.417923172600263
1.71166125176429	-2.04381644083508	5.84157337657075	0.0239724790729727	0.417923172600263
0.673505940032425	0.190860665019455	6.16453548945599	0.0241106343587387	0.419073972742474
0.236032416435914	6.77388943458676	6.15056899641102	0.0241592562942244	0.419241997679812
0.221355840668019	7.70048786995402	6.14576419224394	0.0242068180015203	0.419681257318638
0.399568345477452	2.35711458121085	6.14138889045085	0.0242516841233898	0.420073018934345
2.68417125682346	-2.32191022548235	5.93286650030327	0.0243274596048993	0.420998963786437
0.188301255786134	7.39026761712913	6.11686834118294	0.0244951293724731	0.421782586057506
0.265084414899381	5.12369713597905	6.10218105291485	0.0246431943188974	0.423279501677676
1.12109002894953	-0.665469182589033	6.09818736736413	0.024661197706821	0.423279501677676
2.39182417840679	-2.49617135814308	5.85472790310823	0.0247151073077807	0.423416917840715
0.633064561259838	0.305304614143159	6.09514914267564	0.0247482208243416	0.423416917840715
0.327999337409572	4.07597765420211	6.08872049515047	0.0247799608685012	0.423416917840715
1.20767191405847	-1.1661512507758	6.06735969542136	0.0247814386521841	0.423416917840715
0.321955289723952	3.58738692953575	6.06988241055874	0.024972735712383	0.424379021389803
0.249359984256797	7.05592323851431	6.06263146199056	0.0250469603949135	0.424843330463953
0.838700924536987	0.170969857421783	6.06687195638167	0.0250676258710905	0.424843330463953
1.12396247110417	-1.59460963289381	5.94234376175896	0.0251360631944127	0.424858028706278
1.12396247110417	-1.59460963289381	5.94234376175896	0.0251360631944127	0.424858028706278
0.310061308365787	3.02672782428294	6.04544457541633	0.0252252834040807	0.425722426568087
0.377759793414933	4.28851798165578	6.04303264697185	0.0252500187531469	0.425722426568087
0.242420505703341	4.19317510818316	6.03787559223424	0.0253037346235066	0.425722426568087
0.630087949493905	0.096360564345236	6.03566860660695	0.0253747256183887	0.425722426568087
0.723572348126875	1.10056731902376	6.02640443063183	0.0254312605514496	0.426030077959142
0.54883149707673	0.723204697561974	6.02175528579435	0.0254903945802252	0.426641803874701
0.192588469691308	4.73812510808666	6.01259436036343	0.0255687931335078	0.426795509518587
0.171251261766235	6.47986661513334	6.00842879993834	0.025612708305945	0.426795509518587
0.562546142936631	0.147058806320488	6.0101868479124	0.0256508474406555	0.427053782235733
0.824579947213871	-0.558421290629039	6.00176497641219	0.0257032967601772	0.42744371454541
1.03825137396849	-1.31091155639212	5.96584273421548	0.0257770601842625	0.42744371454541
0.94124292011755	-1.23996606366664	5.96232576165417	0.0257947201449128	0.42744371454541
2.53689268572919	-2.55022984179826	5.83370203411843	0.0258323051400393	0.42744371454541
0.414349734853441	3.10374650762547	5.98397642302175	0.0258738793928849	0.42744371454541
3.23872626474135	-2.47053432518945	5.99538781742769	0.0259838791544108	0.42791594922534
0.767095376801832	-0.204070086488784	5.97313529019741	0.0260725803228253	0.42804985582247
1.76700827471274	-2.49648524109319	5.53467057825176	0.0261598181453526	0.42908926058764
0.959882485439541	-0.666744479095163	5.94394004254656	0.0263684527575299	0.432135642367756
0.285559835555021	3.53909676924483	5.92713183997641	0.0264892273807056	0.433392232665002
3.07655341073316	-2.55400944938639	5.73302620713716	0.0266785547368588	0.433636800152803
0.239303678256672	5.77213110667155	5.90270085080549	0.0267589055493751	0.433636800152803
0.212138278274659	4.39792922818585	5.84083685533476	0.0274569036654152	0.441050061899936
0.182421469011426	6.4381361350681	5.83992683525329	0.027467202354985	0.441050061899936
1.65591753403926	-1.97966957535623	5.5654595557453	0.0274907527452527	0.441050061899936
0.668058544088709	-0.184860297990656	5.82753821160036	0.0277149546721267	0.442290346853067
2.9344951032924	-2.46949325065433	5.69767027040438	0.0277627048522862	0.442303970970164
0.495358158466113	0.867526306452066	5.79496139195896	0.0279974112687606	0.444923227057802
0.28720953437876	6.06564016681739	5.78095531496222	0.0281522400979193	0.446002810802393
0.553611908261458	0.902756964336581	5.76962047121712	0.0282953484973333	0.447764394886911
0.53707833448557	2.98279493745304	5.7652757380122	0.028338290312994	0.447766791460454
2.274689772995	-2.58326264294992	5.51870224684409	0.0284127463820335	0.447766791460454
0.443147897986273	2.12163607910833	5.75510759112014	0.0284603581474874	0.447766791460454
0.53651749685036	1.07324445170435	5.75569970555124	0.028470993367816	0.447766791460454
0.620780121023992	1.15060519929202	5.75489589934266	0.028475217591282	0.447766791460454
0.195622198973409	5.30954737605699	5.75282834028087	0.0284858678610733	0.447766791460454
0.268013489697311	3.23556294375963	5.74964525153859	0.02852432753634	0.447766791460454
0.497281608127127	6.31015497089567	5.74929342761182	0.0285281079710674	0.447766791460454
0.281472670052089	3.05980496497546	5.74597471702717	0.0285683504596321	0.447766791460454
1.5948179613633	-2.0581037653723	5.4595634965452	0.0286451411851184	0.447982819767395
2.75470827219025	-2.61016562972134	5.60859366988915	0.0287107944733716	0.447984976637577
0.8182840827497	1.70334261479268	5.73151623644648	0.0287454394884526	0.447984976637577
0.847061742091793	-1.31963960680371	5.63814563509892	0.0289144649269958	0.448431054277557
0.80185760665885	-0.374495697354522	5.71986118898016	0.029007514247575	0.448431054277557
0.415679159186249	3.40063855702202	5.69996837270688	0.0291256735344726	0.448594347525266
0.264368742087074	3.81317273428794	5.69938442668135	0.0291325916194906	0.448594347525266
0.312918647679499	4.28155914610597	5.69487027096663	0.029187889948904	0.448995691713782
0.741358279515791	-0.0726776723014927	5.68627480675266	0.0293910270867978	0.451100849420884
0.331227694171113	4.51601973704481	5.6753569860294	0.0294285849235245	0.451174688878054
0.157563016883812	7.34823019605252	5.67090706261439	0.0294836804507884	0.451271104840963
1.7470282829047	-1.98120492981859	5.38900048601732	0.0294978143598	0.451271104840963
0.503069615586656	1.08358091741542	5.65461019344344	0.029696614160733	0.453209735367239
0.23654430686285	4.76702014528408	5.63896737409441	0.0298835982192351	0.454160615296417
0.462854748211715	1.09308181318623	5.63766481314606	0.0299067287331294	0.454160615296417
1.12023644102506	-1.2510349120803	5.4777061003498	0.0299070785700529	0.454160615296417
0.654598825533732	1.70762719214384	5.63299835894844	0.0299634764235257	0.454160615296417
0.281041187209057	5.21366523609306	5.62328476561475	0.0300821619187825	0.454315308465969
0.20959855635097	4.91260248703482	5.61481557012775	0.0301900777381436	0.45485440374408
0.299822675650431	2.94763947222164	5.60907375814642	0.0302640489552509	0.455160931588119
0.172975726862778	8.28277416023114	5.60214808782902	0.0303522278082951	0.455160931588119
0.178500030575648	7.86370113984329	5.60138087416872	0.0303620836101389	0.455160931588119
0.526295736923343	1.20453323871604	5.6004105789398	0.0303804945113404	0.455160931588119
0.530936617906522	6.06739753713424	5.59279063870576	0.030472691742543	0.455833770293091
0.311704271136433	3.00384860522655	5.57667280986678	0.0306820378226148	0.457514054899591
0.406426977527947	1.31589344788701	5.57193263772257	0.0307494001342269	0.458090063888607
0.506445667051388	1.07091646229965	5.56708891343963	0.030813281358071	0.458090063888607
0.937752517361636	-0.636484071588407	5.56617607720956	0.0309715278119667	0.458090063888607
1.65283253469683	-2.12189669713294	5.23855665308024	0.0310120877689525	0.458090063888607
0.388897229832109	1.91853560186077	5.54880701013688	0.0310485970504473	0.458270489955076
0.371547572007671	1.75007594397866	5.54471914577161	0.0311030139564079	0.458356368952908
0.193570402491643	5.3567694964561	5.52127256174069	0.0314116860020616	0.461694876851916
2.20385802728347	-2.63529318898193	5.29222031088736	0.0314463143518814	0.461694876851916
0.779338251934529	0.380462817705924	5.52071627403573	0.0314764147607254	0.461694876851916
0.436692086926284	1.56178337613998	5.4927004515076	0.0317993893528767	0.465090748029999
2.23616582396731	-2.69612661705212	5.55308161958154	0.0318079343878989	0.465090748029999
0.795128775852281	-0.251033468976598	5.49586539335546	0.0318628268237925	0.465090748029999
0.156045518635201	6.42468566196394	5.48142252391284	0.0319492832836641	0.465090748029999
0.244044343842506	3.6241731746329	5.47623057263904	0.0320204901144281	0.465090748029999
0.607088438901114	0.311251053069079	5.47766510007501	0.0320373633658574	0.465090748029999
1.76997569277845	-1.84025690032141	5.25470986677712	0.0320537226615327	0.465090748029999
0.931557279663911	-1.10487807778311	5.44826950588521	0.0320777746480957	0.465090748029999
0.982011840707586	-0.118235523452361	5.46660253304948	0.0322044322274055	0.466568513905952
0.742244059581471	-0.448428331992755	5.46924733335755	0.0322516208082316	0.466781088715929
0.229687162833732	4.17236336719583	5.45813129484042	0.0322685967070758	0.466781088715929
0.799809579960622	-0.460123066236052	5.46534514516215	0.0323185660889958	0.467145679798259
0.956134582436452	-0.4021648311826	5.46031106537351	0.0323757386732453	0.467613750837232
0.922856379766062	-0.344964078018988	5.42849252463148	0.0327080742349125	0.470612055143519
2.39798809678886	-2.60796364110378	5.32584455254633	0.0327368918180565	0.470667675582317
0.60666705161635	1.12307162414129	5.42098767186356	0.0327939926459621	0.470770991842301
0.287257306401051	4.24859296659194	5.41638718521366	0.0328497335494492	0.47121256573632
0.885800523685478	-0.0136132663917132	5.41794584881867	0.0329072890831231	0.471679478704371
0.725639948433498	0.65263953739221	5.41220088250592	0.0329593697314254	0.47186734510461
0.533940472500812	2.01521429917539	5.38926316881297	0.03323682697264	0.47352437098558
0.913842307197301	-1.28543943885785	5.23494567585195	0.0333523704135656	0.474096279661709
0.286907398866613	4.77448672885333	5.37452182604509	0.0334445246245661	0.474491907464303
0.18639049921651	7.18107419634225	5.37374227637618	0.0334556664861116	0.474491907464303
0.282893710911322	3.06257398529105	5.36151723353422	0.033632343999763	0.476279937970918
0.436924621861944	1.95816977477028	5.35991503988353	0.0336574859415381	0.476279937970918
1.19902800493148	-1.5688862843092	5.62451405465527	0.0339846474035656	0.479155964869663
0.205582683882472	5.67973027489893	5.33091930216597	0.0340773213945298	0.480019241393569
1.99805860570126	-2.5810016461031	4.98072344490855	0.0341047105393205	0.480019241393569
0.203793787263962	4.51452208299542	5.30406269982315	0.0344740593056488	0.482764796349261
0.276855071538149	2.7219171816844	5.29665545864017	0.0345850637542238	0.483578210638937
0.807569597475415	-0.556098232708628	5.26510435201388	0.0351849694512403	0.48964435840004
0.482312562577393	2.45327700181684	5.25494313683877	0.0352146117615804	0.48964435840004
0.180511366864668	9.25774357094569	5.25444566824189	0.0352208140425175	0.48964435840004
0.279891428240272	2.57825064504728	5.25355911946372	0.0352353843500211	0.48964435840004
0.290010604516278	4.115666323645	5.24584728431907	0.0353523488903561	0.48964435840004
0.373873771212168	1.9999491175816	5.24342895597062	0.0353912091863316	0.48964435840004
0.379598710755847	1.84165755164407	5.24213415214294	0.0354125846695474	0.48964435840004
0.902196682465816	-1.17891972996536	5.2409339073086	0.0354325690089622	0.48964435840004
1.11302642106989	-0.58312918385606	5.2322545256369	0.0356813064672631	0.492237468362922
0.71023182462769	-0.608642889048133	5.23398082722781	0.0357127594297244	0.492237468362922
0.792368946687931	-0.555498226424395	5.22225639206109	0.0357329553988283	0.492237468362922
0.146656315419755	6.48247750646339	5.21931907190935	0.0357608202839244	0.492237468362922
0.277927371793022	8.2161059213922	5.21828948029139	0.0357767889055593	0.492237468362922
0.493804907438445	0.815268803367959	5.21430920218106	0.0358537769827282	0.49229574880977
0.752016915318102	0.0326423856359161	5.2168102141237	0.0358801771595228	0.49229574880977
0.749718321137643	0.928936273388118	5.19933116614699	0.0360908553286656	0.493320147872912
0.993374193490679	-1.14980911177444	5.17572381527992	0.0361261144501597	0.49341329713596
3.37190497356938	-2.61138298127703	5.20640982524104	0.0361951788240353	0.49341329713596
1.70827746850506	-2.44741185821755	4.89487808812091	0.0362753798090287	0.49341329713596
0.205133955307601	7.28150597711378	5.17795937529861	0.0364089061853521	0.49341329713596
1.11409357850231	-1.30794402800523	5.46355896293271	0.0364405389296237	0.49341329713596
0.351476671241854	2.88286044670174	5.17521643224387	0.0364531726921851	0.49341329713596
0.288530062457821	3.01890461806075	5.17192876923756	0.036505095704663	0.49341329713596
1.18190135946385	-1.5186556027433	5.0178785221323	0.036517146563865	0.49341329713596
0.157140860599004	6.87678597360465	5.17055890235899	0.0365262904406851	0.49341329713596
0.760313352507843	-0.500350600573286	5.17344513526302	0.0365423514869817	0.49341329713596
0.296049523444398	2.41298788640243	5.16431224361239	0.0366272902121794	0.493500410908815
1.14108002217952	-1.34801723212151	5.13836778386626	0.0367040614869331	0.494181807157758
0.184333733068004	9.18802362250121	5.1532840622835	0.0368019959151416	0.495146967865418
0.256433386830911	4.35574252951618	5.14838017896773	0.0368808705209567	0.495283282832965
0.515913825136169	3.02654617320799	5.14041737775191	0.0370096058673914	0.496523609869562
0.224510363821151	7.42902726412891	5.1383720462406	0.0370419224601124	0.496603968276546
0.238869679749669	7.81878217671113	5.12628187206595	0.0372377691247705	0.497866271920685
1.36257353318237	-1.76281906267396	4.95835999643055	0.03727734469697	0.497866271920685
0.485519527781045	0.709776098644697	5.11159017524423	0.0374915227093469	0.499436859368934
0.225117945339874	7.27325679625082	5.10451801168892	0.0375933346761146	0.500362682536454
0.288550996844022	2.5997696832923	5.09102021749904	0.037816804484715	0.501644432486061
0.184834758358032	6.81591999635741	5.08726694580566	0.0378779547243054	0.501781104536239
0.692411304860142	-0.630561354066762	5.09223250355404	0.037964737374328	0.501781104536239
0.566015930432469	1.54573139939223	5.07731175794405	0.0380471885472042	0.501781104536239
0.882456908742086	0.00954748404653834	5.08178062438935	0.0380582079088838	0.501781104536239
0.489102827609168	0.94018595402325	5.07442498576601	0.0381012095793308	0.501781104536239
1.30950967073934	-2.00052841099319	4.84578353242487	0.038106645593788	0.501781104536239
0.72114180995489	-0.227235178189801	5.08057826092726	0.0381169174117583	0.501781104536239
0.193751982419256	4.26637233038236	5.07230979504759	0.0381269439169429	0.501781104536239
0.15852172378764	6.77451378638428	5.07113712553767	0.0381463236974483	0.501781104536239
0.736649310044138	-0.436385239487512	5.07803050402873	0.0381852276148182	0.501840632820924
0.177772033297496	4.72519095766499	5.06768838840383	0.0382040581419099	0.501840632820924
0.401439378779173	3.96712851083201	5.06160610373529	0.0383062167310474	0.502617340845593
0.353824583214005	1.41157521436226	5.05581377206467	0.0384077027356077	0.503114233820672
0.212261112960906	3.89628185552854	5.04841505281571	0.0385283787648013	0.504344766579075
0.283712950621374	2.605020720718	5.0378893329606	0.038707398303688	0.505076560754683
0.220967758432581	5.84504514691971	5.0372002086434	0.0387181629036352	0.505076560754683
0.307773234763672	2.79210831345454	5.0316712527428	0.0388130512961202	0.505446924098137
0.209752878349751	5.59112704372494	5.03081009838368	0.0388269412616339	0.505446924098137
0.326254409416604	2.2506910500655	5.02805718265077	0.0388756217998011	0.50573162345493
0.274721905207121	5.17015118415063	5.02248308882589	0.0389692245627983	0.506253270802145
0.231436915613379	4.62751271517048	5.02172435786271	0.0389823134046234	0.506253270802145
0.456858638773485	1.0018513591071	5.01950995279757	0.039030572904615	0.506350547936556
0.202470300597199	5.07657308109211	5.00770956627805	0.0392231309042337	0.50719189447215
0.276488445558334	5.44546025256366	5.00549927057157	0.0392612730050445	0.50719189447215
1.17673741565386	-2.06091289574611	4.767261828121	0.0393105311837079	0.50719189447215
0.945075211339672	-0.972101207343786	4.98673186296458	0.03943491075494	0.507950921429541
0.767025238433938	-0.384059480795638	4.78068280292098	0.039540454326812	0.507950921429541
1.10871770447987	-1.33319076025456	4.93562035261987	0.0395436955283177	0.507950921429541
0.256204368114003	6.78447921872041	4.98742963229664	0.0395747628519282	0.507950921429541
0.27255760948697	5.03881783185167	4.98637983482532	0.0395931009074247	0.507950921429541
0.532033790818092	0.99891074919988	4.98471094769954	0.0396428896885476	0.507950921429541
0.572521527589271	0.312947737810542	4.98047501919409	0.0397297967572051	0.507950921429541
0.209662978436856	6.48956386908548	4.97668899238327	0.0397624775352981	0.507950921429541
1.89682524366791	-2.32055605711784	4.74420285730422	0.0399108194175725	0.507950921429541
0.929627362606495	-0.126112598895632	4.97011995653726	0.0399367623406894	0.507950921429541
0.55778774095284	0.68861397326981	4.96708539944878	0.0399586602094201	0.507950921429541
0.268881890595365	3.16093509058681	4.96362577373796	0.0399927432887155	0.507950921429541
0.383008826795201	1.75608753665704	4.96301492034937	0.0400061395929811	0.507950921429541
1.04752423328185	-1.70575490370603	4.82194297776158	0.0400777244450174	0.507950921429541
0.235625777779929	3.578116660508	4.9578409482681	0.040094737887741	0.507950921429541
0.416937140310142	1.78385467452183	4.95619687990598	0.0401264765003737	0.507950921429541
0.980127331566095	-1.73935869926086	4.77726981085145	0.0401687073600742	0.507950921429541
0.1726011056581	7.3287120870132	4.95164675536991	0.040204141742793	0.507950921429541
0.306788429418961	2.23619126495308	4.94032481900574	0.0404083968758509	0.509507747506134
0.604616251625192	1.22230746664099	4.93794872953763	0.0404657797993768	0.509685693796275
1.71519399125633	-2.34378264545341	4.68960378716875	0.040501040135346	0.509685693796275
0.196073286896614	6.62638390160834	4.93484925955338	0.0405035707469976	0.509685693796275
1.92706722737707	-2.39320476274979	4.68450200756207	0.0406150972565074	0.510180405636139
0.462171048957641	2.1745693264739	4.92742988089396	0.0406383860934543	0.510180405636139
0.501349332690547	0.671689803348623	4.92718288486257	0.0406592068612586	0.510180405636139
1.59638810102047	-1.98179303400551	4.72172750690866	0.0407184361817456	0.510180405636139
0.252904622993318	2.91964450992138	4.91992401783169	0.0407727708050696	0.510349552552109
2.12189072573003	-2.66659969276418	4.79863742765273	0.0409066839713222	0.511045296355573
0.336970803610922	5.82597005928552	4.91234053668347	0.040908854638649	0.511045296355573
0.224596045173142	4.88058276190077	4.90348013631959	0.041069705408812	0.512366304977792
2.02614762115004	-2.58379031509468	4.81893785413521	0.0411360961779471	0.512768933638488
0.391718312609524	1.62028297908916	4.89900296472754	0.0411563465794768	0.512768933638488
0.168407384330922	6.11478135815994	4.88838703813259	0.0413452960957535	0.514443483017281
0.172083175427782	5.44143957671444	4.87992771836081	0.0415007200210151	0.515267576453237
0.168583662532522	7.83425405594515	4.8792060647712	0.0415139959189615	0.515267576453237
0.778976129805381	-0.334250606240451	4.88378238049292	0.0415583878010971	0.515267576453237
0.55720838022161	2.82352100370322	4.87674068289937	0.0415605592008374	0.515267576453237
0.192380715554267	5.81089880516035	4.87249779579208	0.0416377739437055	0.515287496322663
0.501837125829458	2.71665215679644	4.87159070050284	0.0416555239188401	0.515287496322663
0.621572502675527	1.89505738757135	4.87150569537962	0.0416589848853343	0.515287496322663
0.179622929827008	4.92705230679323	4.86795947055451	0.0417217826602211	0.51545126372386
0.440347916551568	4.68849036635692	4.86768766104811	0.0417268769393168	0.51545126372386
1.66792012947964	-2.2712831599287	4.83801378189831	0.0420442511197422	0.516613844786378
3.32940174652707	-2.54934652333288	4.89788045656455	0.0420673475073794	0.516613844786378
0.257325378175584	3.91954321760739	4.84863360655717	0.0420818328549756	0.516613844786378
0.355800935169451	2.4715277289805	4.84833206151177	0.0420884665951153	0.516613844786378
1.21731327315299	-2.09925389197298	4.64097504950843	0.0421300919845074	0.516613844786378
0.35317816921771	2.72262482188718	4.84504471761864	0.042149642534392	0.516613844786378
0.886736524580555	-0.998920056216553	4.83925705237828	0.0422410737880847	0.517398295366651
0.195311428300791	4.83935748803723	4.83074180497237	0.0424178762924615	0.51888838346501
0.191576205051371	4.57038361814111	4.83005381722867	0.0424309576435771	0.51888838346501
0.61053369660291	1.59307492069147	4.82874603023087	0.0424599861330739	0.51888838346501
0.196044559040271	7.81849620964824	4.81527322671876	0.0427110893447186	0.520483701131364
0.647566054031291	-0.0939769339457651	4.81955998585191	0.0427137130547289	0.520483701131364
0.320808028412734	5.74808963124193	4.80837815980154	0.0428425697975399	0.520809648345523
0.31815705787691	4.13280135581665	4.80506713500269	0.042906122755073	0.520809648345523
0.53309453584835	1.86120642435228	4.79275088969195	0.0431452886484533	0.522545051113243
0.654648319461958	-0.310498163187103	4.79941860361899	0.0431598997844687	0.522545051113243
0.425001701310261	1.27282541751954	4.78339710343512	0.0433305306552132	0.524192316128939
0.503177411226036	1.31480176086564	4.77245827915042	0.0435409733085743	0.525136431917926
2.10017140012023	-2.60644829487066	4.70897671989279	0.0436407645129837	0.525667778421719
0.961752939688087	-1.26194950842713	4.74793426382155	0.0437578434852328	0.526405740855833
0.252230437410671	3.75579352091539	4.75496846100774	0.0438772693014174	0.526677935813092
0.193245642064205	6.09179434483168	4.75059022915428	0.0439630132284053	0.526810146657325
1.3104194002936	-1.89525193456242	4.58233565078526	0.0442113208601288	0.528825710453145
0.171038765926087	5.89375247424098	4.73408898453608	0.0442891492634029	0.528890609557023
0.461557264025875	1.06375590186569	4.73445583862105	0.0442909137480787	0.528890609557023
1.6065132650162	-2.2749682220352	4.48976293495598	0.0443595952312812	0.528890609557023
0.28697123160001	3.57531821690092	4.73019523884973	0.0443669346303581	0.528890609557023
0.381970559033536	5.56525164034433	4.72790142747609	0.0444121668842664	0.528890609557023
1.44283725235798	-2.18805861025714	4.51190592292331	0.0444831662537837	0.529057985526558
0.355204653036653	3.90291816509401	4.72263215417647	0.0445175170857317	0.529132907869034
1.8139764690664	-2.2287554070132	4.46582145215253	0.0447314142645022	0.530292538924447
1.41676530141224	-1.86893422178123	5.15497173496147	0.0449138723390177	0.531166378640057
1.2829980973787	-1.98325164402527	4.51940212324398	0.0450320431756193	0.531231663803444
0.714382944494232	-0.144362010100094	4.69560394680614	0.0451679683117158	0.532502116414934
1.08191437173181	-1.45597504273687	4.59186980488588	0.0453647446785084	0.534487931836792
0.193109746247276	8.60259041610143	4.67051666514587	0.0455720326097072	0.536595038150378
3.88100513120979	-2.667328802078	4.62096822699969	0.0456411167433877	0.53707322840332
0.774548381888048	-0.0688683727626971	4.66389577325241	0.0457988758296553	0.538593637640142
0.360208112537745	6.12765171242757	4.64461906911738	0.0461069428732043	0.539940482683429
0.258894624178818	4.54747663693805	4.64395701896052	0.0461208436457598	0.539940482683429
0.287306441073962	3.65210882455419	4.64293244517475	0.0461423982444832	0.539940482683429
0.346805638863245	5.82326170351411	4.64041568303214	0.0461944459586463	0.540120352507588
2.02108606399111	-2.55192950794407	4.44830417968143	0.046325344824701	0.540330640947466
1.00689010106282	-1.58029831541819	4.53896075555859	0.0464134572433963	0.540764079050145
0.218475737910874	4.39819369845876	4.62637043088356	0.0464883734550722	0.54130258548335
0.151513445536011	5.72790847762277	4.62463573718077	0.0465246606728184	0.541390915651681
2.07481622871611	-2.63685201993261	4.42266525250011	0.0465771384638416	0.541646939287892
0.459776943757779	2.49483367835871	4.62076959574587	0.0466072237622443	0.541646939287892
0.195173780638351	5.36566396081843	4.61884416974488	0.0466465484622538	0.541646939287892
0.158441452263799	8.81810137623247	4.6181331464582	0.0466615213032299	0.541646939287892
1.549400924889	-2.062149848543	4.44170658446978	0.0467111323412421	0.541889353845541
0.143432454356353	5.72537954348307	4.60404877593308	0.0469595847759639	0.543493665413187
0.690312507607482	-0.51353613076216	4.58196516361457	0.0470225913958738	0.543737620755495
0.314742149186941	2.12133197092362	4.59687206810579	0.0471142066723014	0.544222462008341
1.41805938708262	-2.12002658857865	4.38545330983719	0.0471622014564815	0.544346679924204
0.465424210983717	2.20445476609235	4.59018401577926	0.0472571941062879	0.544643819766153
0.610599952407605	0.243436161362908	4.59088818110268	0.0472950525779017	0.544643819766153
2.1117042391627	-2.47073027973072	4.34513080567994	0.0474495568598543	0.545091955570908
0.266979848507116	3.79642509309807	4.57785724095881	0.0475200422290088	0.545237564821042
0.660110563200872	0.0675924961609495	4.57657962744334	0.0476256536495958	0.545785361356212
0.341462979029346	1.97778096267997	4.56895683552439	0.0477143090573608	0.546469345324224
0.255797735929958	3.47937548770547	4.56321131204284	0.0478367876542907	0.547304295061639
1.35267639717359	-1.97968836968788	4.38817463564564	0.0481725153077218	0.549714553085031
0.161203364505712	10.2310574788083	4.54279229833349	0.0482818108127458	0.550366034035949
0.584815163589137	-0.28189487946467	4.54857570035917	0.0483036863439297	0.550366034035949
1.23533322938465	-1.91227671681006	4.37931169075942	0.0483844853372219	0.550366034035949
1.34009907167747	-1.59112528615308	4.46176455781205	0.0485439843375238	0.550366034035949
1.55003955816132	-1.74597286453224	4.41207718836613	0.0485625284518532	0.550366034035949
0.473366529405235	0.802911438345904	4.52813554855741	0.0486166283315695	0.550366034035949
1.97851573488357	-2.69583725085703	4.44601921337758	0.0486380840130375	0.550366034035949
2.32075123100346	-2.69847413292263	4.45819335291035	0.048713316746766	0.550834521522612
0.643752405511106	-0.489473150515906	4.51301676469438	0.0490931228851774	0.55296985522404
0.62622331871615	-0.035780962121048	4.48099337026055	0.0497383687536046	0.55779717586162
