-0.58282023602846	11.656868304742	45.1515875236743	4.01991731798954e-06	0.00392058858142921
-5.7215270131592	-0.532734319217295	91.509680939702	5.39485689478062e-06	0.00424013273359362
-0.707877132569334	4.28031684209065	40.2953870440498	8.05345634935068e-06	0.00542544096849292
-0.629251527706028	8.18281327706971	38.2363277593159	1.10145714902835e-05	0.00598474681132257
-0.545757601033606	5.56843115809681	34.7539133849571	1.92506650682849e-05	0.00775217597450507
-0.559128427144036	6.47337185472127	34.6088893239633	1.97200217226038e-05	0.00775217597450507
-0.598592985774974	7.53680670716623	34.4725009398737	2.01732006367124e-05	0.00776585884918992
-7.15588596538364	-1.47732106838634	62.4688626426262	3.08520719277478e-05	0.00986377343683232
-0.44981409580999	6.57536087187996	31.8385578005625	3.16870985671849e-05	0.00996189567121349
-0.665911785825326	4.64252945470224	30.6919352289062	3.88815756899856e-05	0.0114597369100031
-0.562950043280121	6.75566022062654	29.0182471277209	5.29088357646139e-05	0.0144640488264915
-0.659088383817514	10.2069697243959	28.6162954101897	5.70717783588295e-05	0.0151626050025718
-0.46526828227599	5.73162287215086	27.5152646430204	7.04872474377368e-05	0.0167293269373765
-0.59119762689305	3.24399491001618	27.4821890075364	7.09508643900823e-05	0.0167293269373765
-6.62924574119988	-1.84576870112433	47.9316243152983	8.40617327286785e-05	0.0178904308680509
-0.56046216539949	4.36282128816214	26.5975187218247	8.44111937261588e-05	0.0178904308680509
-0.604847106195849	4.53713307306088	26.3910850366337	8.79510114115555e-05	0.0182309882225953
-0.625588184871039	5.98758425814136	25.7672724665589	9.97021591568677e-05	0.0197966508229052
-0.421868730617733	11.7336308660893	24.6866425557026	0.000124479364061435	0.0228789824257357
-0.371735616381965	5.8716028957994	23.2620585924893	0.000168387192904199	0.0281998490079271
-0.520919448735679	7.03253374101468	22.7797368043399	0.00018700648388274	0.0301496009015396
-0.342332051015948	6.67672853834858	21.7073838102247	0.000237287564771895	0.0357098385019538
-0.408836025566612	5.7470322358187	21.4941500390176	0.000249003445028259	0.0361303998736004
-2.03333333658333	-2.18626262962972	18.1636192110591	0.000264587527926639	0.0372456308901507
-1.00109225508255	2.46291861192881	21.1367042091984	0.000270202043989085	0.0377542307834527
-0.385048372037951	6.00726347049105	20.8778756485718	0.000286683192316579	0.0397625371813796
-0.350976069445483	7.70853194189446	20.5956753532041	0.000306043416765069	0.0411389679974628
-0.517975533137259	6.1182717882973	20.5750987306286	0.000307511768416597	0.0411389679974628
-0.869563665156164	2.76435718521426	20.3240642618266	0.000326133711561828	0.0433229591633153
-0.390894018881393	8.50604116487456	20.2525795634268	0.000331588224161122	0.0435706512297721
-0.408314576514556	8.31465214343027	20.145320914133	0.000340058995101773	0.0437057709017971
-0.414453118873071	5.41163095618216	20.0547028705822	0.000347406035641744	0.0437057709017971
-0.61539296998476	2.90344901109839	19.7646651144887	0.000372188162359439	0.045886178474419
-0.748102598730154	4.34430738795631	19.7095273943934	0.00037708231660831	0.0459584316752378
-0.375777713459794	4.68031639053716	19.6587224130466	0.000381674915155268	0.0461508584908579
-0.355458497780146	6.61996715863379	19.5874837579178	0.000388228003166111	0.0466442345460022
-0.388773353364142	7.97685779714449	19.4332717985506	0.000402864241980398	0.0474951762279765
-0.72324417472097	1.95914234729745	19.40410537638	0.000405954288303543	0.0475622095668928
-0.356195637508532	5.52497584049231	19.3678824196758	0.000409257401761619	0.0476532245026507
-0.382087624968502	6.01408745994805	19.2349014949799	0.000422612089719235	0.0485762955979389
-0.521745820075927	5.18414425145973	19.2125182336138	0.000424910606672317	0.0485762955979389
-2.23716769330752	-1.78441771820318	17.0730801023072	0.000435587815254274	0.0492005566415651
-0.679532175474559	3.10765621069353	18.9707513258846	0.000450658211600701	0.0500171127883465
-0.330855535277052	6.55465002388332	18.9557917190026	0.000452265076435646	0.0500171127883465
-0.613747276929091	3.01449804433086	18.9457074581351	0.000453423436717767	0.0500171127883465
-0.750818923989591	4.88899506052947	18.8732811390731	0.000461478225924634	0.050192213130491
-0.951290282123071	3.1960804635351	18.8377016255868	0.000465557965064217	0.050192213130491
-0.443149624661897	6.55347331516845	18.83643120829	0.000465654312560882	0.050192213130491
-2.56295148168246	-1.12842480240873	15.6114120194814	0.00053924089274032	0.0562971489060751
-0.633982806676781	3.66179959578678	18.2266317659924	0.000541430798635607	0.0562971489060751
-4.52326075166182	-2.22063541816708	26.9517659328073	0.000573905269503061	0.0588346472751969
-0.329983588634533	6.01145585481925	17.5061806698656	0.000649326078740773	0.0637656844114003
-0.470224704136549	8.26913276173302	17.2432234785393	0.000694585018027543	0.0668467203829262
-0.531908043879597	4.074899082921	17.036771801627	0.000732632775967029	0.0684141190745845
-1.49384017212483	-0.478498560884271	17.011119036654	0.000737038366410833	0.0684864763823032
-4.46011380345529	-2.26639416501832	25.701984007067	0.000762369425795688	0.0702228440843224
-1.29650590486349	-0.0163943649308993	16.8765444038236	0.000773590309279183	0.0704938840769721
-0.492201799723651	2.94233118884629	16.6270693311774	0.000815280084869426	0.0728125429028696
-0.365214858650599	6.19792067278732	16.4831918776262	0.000846662639621572	0.073937950792508
-0.404528659948327	6.69416986548586	16.3895746056316	0.000867859987245893	0.0754398292139137
-0.359600747620012	4.50192553339724	16.3161519013185	0.000884916057151381	0.0761930070969637
-0.396770510021095	4.4950176871118	16.300315113526	0.000888642398416584	0.0761930070969637
-0.43655684877811	4.14394258505062	16.1979058700139	0.000913179994800542	0.0775915055942461
-0.35791883256108	3.71357959551222	16.0938710328647	0.000938876862883592	0.0789851209488753
-0.868146659909496	5.85040270467209	16.0795375317169	0.000942441929850896	0.0789851209488753
-0.667403218671863	4.32099671867813	15.9604373857327	0.000973006153475445	0.0793361683185739
-0.595679870456144	2.75678084209267	15.9501736833372	0.000975772202189956	0.0793361683185739
-0.530714633199776	3.7711286737936	15.8617504370333	0.000999181279880476	0.0804916946985085
-0.513801247242805	4.03220415305092	15.8495239327215	0.00100246920578264	0.0804916946985085
-0.331971072086143	11.8642776316127	15.8482343921988	0.00100278578455969	0.0804916946985085
-0.375033724901463	5.83776906973551	15.6523759201509	0.00105729661325691	0.0830991083994382
-0.345572160090769	4.97650862863698	15.6035694353254	0.00107140418420129	0.083858494301199
-0.393603461705984	4.82967486056402	15.5590046215598	0.0010844582454415	0.0845294871229878
-0.379850010553906	7.40907909685162	15.471834549749	0.00111051041097657	0.0857797769248064
-0.607519497284716	4.12569841070402	15.2858975466761	0.00116851997560626	0.0881671691994435
-4.61691045423826	-2.6979382521844	16.4614353633545	0.00123957129741844	0.0914792597016052
-0.499235189004529	3.73847470669382	14.9500358692522	0.00128211267643791	0.0919562411241383
-0.329111269665852	5.00031362915714	14.9066027562388	0.00129763468435452	0.0923671058527519
-2.67269227662845	0.109312512333886	14.4578034270787	0.00132733952352997	0.0939885215876534
-0.342274312975898	7.35471067119061	14.6967864459883	0.00137592479759616	0.0964835295801352
-0.469720438898782	6.45430596125817	14.6537125012794	0.00139264861885743	0.0969152922827465
-0.379103496413748	5.57115975303685	14.6519490076233	0.0013933392877099	0.0969152922827465
-0.689989243302308	6.15652033358968	14.5830953397051	0.00142056350740587	0.0971341934881892
-1.2518519511883	0.769003446453688	14.4615615620101	0.00142888419701085	0.0971341934881892
-0.363371869391207	3.50315004410026	14.5558793893471	0.00143154884110251	0.0971341934881892
-0.352983332771917	8.02736949943165	14.4007449036041	0.00149560405232818	0.0993365466164309
-0.525619411472976	2.22214906426893	14.239625267639	0.00156593930698725	0.102083610450629
-0.303881111259479	6.36748070514515	14.2230676724639	0.00157304206415209	0.102083610450629
-0.56784269830206	4.26129858524079	14.1605771486626	0.00160137528279512	0.102395735455472
-0.411896389533504	6.46672820502698	14.0822320936939	0.00163763687015152	0.104360622573203
-0.334650944850804	4.67239544959327	14.0527005028484	0.00165157334058566	0.104894370112685
-0.384564294530299	4.89992160525164	13.931852369638	0.00170993860332449	0.107670389871277
-0.296185335176337	6.78927389675083	13.905640422752	0.00172289220870519	0.107670389871277
-1.22695464345703	-0.545110092315305	13.7896225092081	0.00177146878866182	0.110281240133756
-0.359880239109847	4.06024334719415	13.7855856277521	0.00178375385749494	0.110680753335286
-0.509720649671384	5.01278164639435	13.7540257975699	0.00180009781664408	0.110964853318161
-0.513039237604648	7.18328715492239	13.4803345966021	0.00194952163900393	0.117114097695959
-0.500998126088724	11.0596623069835	13.3549532314996	0.00202260710240415	0.119226368039529
-0.405398416076597	6.81507065440565	13.0843648947693	0.00219109972804422	0.12458522716082
-0.775948488648261	3.0425919846725	13.0845016319237	0.00219116544291934	0.12458522716082
-0.292762794515679	5.97797461148145	13.0817966144991	0.00219277397112824	0.12458522716082
-0.462463338234797	3.15639063500183	12.912438968907	0.00230647782069276	0.127269677941757
-0.260486910629283	9.58029070179338	12.9115979281563	0.00230693736725891	0.127269677941757
-0.429702498200059	4.61166053347957	12.8719809416838	0.00233448065354651	0.127269677941757
-0.4049975088841	5.8868281565896	12.7790620467865	0.00240048863571206	0.129372620386962
-0.260754891295401	6.19891892496847	12.7507562221672	0.00242101706036415	0.129737627300139
-0.442718972674156	4.12344473576613	12.7121289206914	0.00244940224079696	0.130363568470084
-0.456133622163593	2.6493767780123	12.7071231841174	0.00245338025770749	0.130363568470084
-0.705771896694908	1.86622769647594	12.5708936609617	0.00255685067610975	0.132608715638071
-0.416372726456947	6.54272944623143	12.5621146087498	0.00256299558976181	0.132608715638071
-0.276450574566956	7.30391941040647	12.3176100456162	0.0027611944222241	0.140011855877455
-0.309689054453151	6.12751003361844	12.2557431122309	0.00281404746638499	0.141173875953245
-0.279470149649061	6.86890089448307	12.192155777796	0.0028695606732111	0.143576984028597
-0.327865644228822	4.44932435179734	12.1707574337808	0.00288855459839247	0.144144987802849
-0.661762712475315	2.42447684025859	12.1301013569856	0.00292528153385528	0.145592574071536
-0.47409878095287	3.44466534248012	12.0913155115896	0.00296025108788946	0.14655962275816
-0.27279436736171	7.64265617110604	12.0493349608951	0.00299880847844627	0.146926037218005
-0.23285796622344	5.32596404942931	11.9186432292266	0.00312286150465233	0.151042401441685
-1.26999625911844	0.633845896173721	11.8551953098626	0.00319681645861403	0.153439055620449
-0.304670194410711	6.35105130964556	11.7857652873876	0.00325495116854217	0.155045817909624
-0.341121373722218	5.26848626272618	11.7693326662845	0.00327172396570117	0.155452214521464
-0.55049045358017	4.95265330136745	11.7496829188461	0.00329191055076834	0.155721944100789
-0.26112122580076	5.22802770904607	11.5933464245764	0.00345756102257178	0.158300906720319
-0.290329809019887	4.63261037434652	11.5611517970404	0.0034928630576732	0.159144627673646
-0.382172848088702	4.01361340764907	11.5340094412013	0.00352295180862123	0.160128771002463
-0.342728891795999	8.4445639339778	11.5209271755146	0.00353746582227201	0.160401965878646
-0.621945714880511	2.42575039588995	11.4832253141898	0.00358027858182055	0.161566494949476
-0.327023124689307	4.57083377974124	11.4292248594644	0.00364169403651398	0.163463656634849
-1.60449204562464	-1.30602275920089	10.8983613348287	0.00371510966308036	0.16587440407372
-0.269364312987926	6.61403708843138	11.3424708755647	0.00374343156250887	0.166206475777618
-1.80207796712585	-1.98525405492788	10.3576605199816	0.00381255038821227	0.167636685251394
-0.591151773485673	3.64383577996505	11.2638180372119	0.00383859422742291	0.167847331869149
-3.13148687455717	-2.6977877218732	10.6880150113667	0.00384800257269199	0.167847331869149
-0.792830561512411	0.992654458888358	11.2292131977231	0.00388608263383151	0.168513049935549
-0.555448708146489	6.79390847893127	11.2064851189706	0.00390948261394255	0.168934617105717
-1.49079582643242	-0.64593842897979	11.1680626378948	0.0039137161466998	0.168934617105717
-0.284021859181048	5.19124599865037	11.1848240612539	0.00393669782430121	0.169538655387657
-0.351324879899007	7.00820562778981	11.1690674574014	0.00395662051522992	0.170008502912943
-3.38377249364576	-2.47092033190581	10.7838614978043	0.00399224707478998	0.170408790748749
-6.23427726596375	-1.91831035470402	13.0256961017872	0.00411634218171592	0.174486657469005
-0.690696198905539	1.66902747943327	11.0252820901259	0.00414503500392259	0.175303739443495
-0.355222302508968	5.76787389284188	10.9996595151803	0.00417822787456679	0.175439267892754
-0.44630572969861	3.18761448080823	10.9945487660766	0.00418531890747704	0.175439267892754
-0.494377214974836	3.71842536241695	10.9352771073615	0.00426621315908061	0.176251474408462
-0.354272802946541	6.64028816599206	10.9141776701037	0.0042953440447305	0.176906276671947
-0.259894829748916	6.46132481594736	10.9009004714503	0.00431386578422029	0.177278021375588
-0.565320392467492	5.94749975334047	10.8523857413873	0.00438231588639785	0.178674414672904
-1.02630839498635	1.40541978855866	10.7782918149323	0.00449387564083559	0.182296723038885
-0.58377577025819	2.72675702341368	10.705398217408	0.00459769942808149	0.186108163759445
-0.479889156317292	5.16260239229428	10.6401347517763	0.00469656655016398	0.189278642944789
-0.657654552310663	1.40189389961831	10.6351270961489	0.00470612752696315	0.189278642944789
-0.254296966584438	7.8492932092553	10.6137916262681	0.00473730866412785	0.19012734751371
-0.224272090580025	6.84245099886426	10.5752741325272	0.00479761053582123	0.191636438824499
-0.274300995664808	4.79788985249905	10.5706931310467	0.00480485395919994	0.191636438824499
-0.609238175537749	2.35581479550836	10.551935304058	0.00483510469696543	0.192414725525019
-0.38070692644375	3.93033729857901	10.4997396056818	0.00491850256444045	0.194911163598824
-2.55026489024655	-2.57883101338825	9.7633024961609	0.00493114075841657	0.195002323115328
-0.419365555940521	4.24121052875652	10.4634153492072	0.00497778677873728	0.195731533438407
-0.402599070594849	3.91355758625303	10.4542342261044	0.00499292363912896	0.195731533438407
-0.335609868493313	3.43924087477618	10.4501481309275	0.00499973534584792	0.195731533438407
-0.276637212487791	5.53628337010596	10.4369640751668	0.00502140795893236	0.195731533438407
-0.454325220835837	7.44829268344907	10.4364749752582	0.0050222160941626	0.195731533438407
-1.49699182413745	-1.9829303772658	9.62451038601569	0.00512065171420188	0.199156398525753
-1.28100008401354	-0.540295505736567	10.3747402050575	0.00516745986502162	0.199196169591065
-2.3553430544577	-2.47006895339561	9.50181111954335	0.00519584840894759	0.199205871012151
-0.24009855966659	5.81448250632263	10.2421089518972	0.0053569968626446	0.204552695992035
-0.506264538284378	2.2319576285326	10.1751674536601	0.00547871851359922	0.207520215506069
-0.260387095527308	4.69126379516561	10.1639306741092	0.00549874833393743	0.207861502651426
-0.334276423235003	3.21927398948149	10.145351033538	0.00553319020426472	0.208745133646091
-0.372308586879391	2.62684167068162	10.1301240481984	0.00556169523795412	0.209401711124808
-0.436744863914382	4.95918828174934	10.0873903052319	0.0056415924014249	0.211675072978668
-0.62413494246637	2.98115929271271	10.0825837829224	0.00565097116386462	0.211675072978668
-0.471426045275522	4.70372189886395	10.0403263651496	0.00573154322030017	0.212823031032524
-0.240565545193623	5.10729792313858	10.0026937215225	0.00580458025683387	0.213854756628236
-0.319454369016643	4.36151196021913	9.98621356916592	0.00583697148021394	0.213854756628236
-1.4530807432508	-1.74380435642939	9.44493168104353	0.00584308780962897	0.213854756628236
-1.02481008846066	-0.506070172464438	9.99950220115644	0.00586136400237492	0.213854756628236
-1.4467012165624	-2.00223746113296	9.23215321817244	0.00589460311833845	0.214592795187136
-0.250707765273244	6.85501278570137	9.94842429521885	0.00591181507826679	0.214592795187136
-0.262382980078711	4.53676134102803	9.93494655229669	0.00593884925779588	0.214936974784996
-0.266061183560436	5.42052572030276	9.92006299168815	0.00596875476054495	0.214936974784996
-0.443299674163192	2.17170317786605	9.91110717098629	0.00598749353214293	0.214936974784996
-0.23961271355174	6.70118076521718	9.90555961731813	0.00599810522903235	0.214936974784996
-0.42999984308211	2.53777330512589	9.90212235464512	0.0060056577443751	0.214936974784996
-0.33875954322488	4.69390811624159	9.8722361737672	0.00606621064881675	0.21630799899552
-1.43865995858962	-0.683596084223629	9.36390483965728	0.00610311595111599	0.21680428660245
-0.887118627282858	1.15170060725115	9.84209945702828	0.00611687558077927	0.216884631729773
-0.432620933749428	4.97516925093016	9.83557772313937	0.00614209144679739	0.217370114373244
-0.247536820469171	6.91632231536444	9.82408418826504	0.00616607816878228	0.21781036048266
-0.321163221647016	4.01709949344906	9.81035206409339	0.00619501306016193	0.218423423091279
-0.836385411823491	-0.0816332839796703	9.82154744692434	0.00621207430967149	0.218616338998756
-5.92891576261889	-2.17755689722608	11.9768535533884	0.00624618605020306	0.219407462690839
-0.745980607585731	1.6575957392526	9.77822420832721	0.00626538148202751	0.219672659657035
-0.275561045213352	4.61418382286751	9.7571328603284	0.00630813840165026	0.219925015484648
-0.224001323917459	7.10581840997978	9.75579389172582	0.00631097478502317	0.219925015484648
-0.533840974335384	3.66000736358628	9.70925448155149	0.00641208262535316	0.221434527703214
-0.287273835278129	4.43840696983029	9.69632893522783	0.00644034521292014	0.221434527703214
-0.239932007395812	5.16101882416755	9.66241713353859	0.00651538353067477	0.221434527703214
-0.356140028897847	4.4914473013924	9.66230211365099	0.00651569351113808	0.221434527703214
-0.332966434552095	6.99698508604649	9.66083083388085	0.00651891300964801	0.221434527703214
-0.335074072246518	6.34581280373475	9.65832421317113	0.00652450666482963	0.221434527703214
-0.215643605522622	6.57486535439784	9.573948699516	0.0067159695700628	0.225816994652575
-0.229518744846723	7.90739615538805	9.56393079067433	0.00673912053989674	0.226100571062783
-0.239226565167346	6.8088593297606	9.55993694728664	0.00674837626614785	0.226100571062783
-1.00801534802898	5.80083089052416	9.54632718443025	0.00678004235547012	0.226758757005732
-0.260236218983518	4.82528663358894	9.46246286044026	0.00697881270594958	0.231355613483878
-0.369066282704925	5.32070765827332	9.4538409899132	0.00699959057065221	0.231637327954759
-0.723633085884523	1.01289457013247	9.44420084357693	0.00702943144010611	0.232217452284977
-0.266856825293415	8.54891091911662	9.38896520166914	0.00715840192160063	0.234425235151307
-0.246231134931677	9.41642841056737	9.34477699151071	0.00726891190846384	0.235995671823328
-0.89140717240721	-0.0445516606657012	9.23598609026073	0.00759306831337986	0.242944935501127
-0.268431484146691	8.19241771354857	9.16461795058031	0.00773991261316313	0.244552716284918
-2.02533671230891	-0.834669025263835	10.6927533344118	0.00782381788422566	0.245558530366304
-0.335109006310417	7.23084034582808	9.10901103355554	0.00789220005796867	0.247293305138643
-0.332745998503592	3.23602510053167	9.08100470567901	0.0079704065762085	0.248177913331679
-0.211298974877629	7.78457607613895	9.08040078996834	0.00797187320332786	0.248177913331679
-0.262740618317153	6.48557143612625	9.04673590856061	0.00806679320217204	0.249449049463232
-0.288142939284664	4.06809425388082	9.02193805876888	0.0081376505409139	0.25040864951592
-0.792368849908095	0.195569448917388	8.93878549469935	0.00840717920791319	0.257200003457557
-0.630753765139961	2.90186003915687	8.91532949619886	0.00845014903210957	0.257200003457557
-0.216438659117296	5.20872071578767	8.8831120383366	0.0085467667354962	0.258776341784374
-0.27528047218934	5.62992457770576	8.86880351815966	0.00859025085405817	0.259260642976159
-0.396425962231537	2.30911698432277	8.76812913893909	0.00890409337137629	0.266177358580461
-0.506396768179884	2.30331695821198	8.73732306675847	0.00900251642164716	0.267003879342029
-0.259327931822934	5.39074961131267	8.73235347739777	0.009017820301032	0.267037903199948
-0.763609097690189	1.26416644820889	8.70784675752187	0.00910349499100384	0.267486761910262
-0.298969210718299	4.90362867141542	8.70227294330596	0.00911530738205142	0.267486761910262
-0.43251205620089	2.29707047724812	8.69879047751155	0.00912741781492426	0.267486761910262
-0.289840714463544	4.57680014809843	8.69840733179183	0.00912793653286435	0.267486761910262
-0.297621998810174	4.66696714083629	8.68842131825687	0.00916060267158084	0.267486761910262
-0.21060840016755	6.65684951184034	8.67905018076711	0.00919134103905693	0.267969499257698
-0.274599140619295	4.48435337936715	8.66155974822109	0.0092491836178829	0.268602991503425
-0.364810214398917	4.89033602397155	8.6547654462871	0.00927169058514855	0.268602991503425
-0.577950362948082	2.71595126706597	8.65174042821132	0.00928217124378132	0.268602991503425
-0.202775883186357	8.66349790623806	8.65097336527041	0.00928426816838429	0.268602991503425
-0.201880694476608	5.82110365790264	8.6390846576602	0.0093239419746476	0.269214204704284
-0.405490589134976	4.51162675991056	8.60456334088669	0.00944028963331885	0.271038330826931
-0.39863580623028	4.91228504892343	8.57839361409012	0.00952950264674324	0.271944036952372
-0.283779698681021	6.3182215029905	8.5604597244883	0.00959118337709772	0.272878570199388
-0.299291473195269	5.20283249120807	8.52618048141592	0.00971041675686564	0.274614079887191
-0.42218857718141	4.32978420459365	8.49603665119619	0.00981673907318373	0.276083737026674
-0.578851542318383	1.0630305375956	8.4962500668005	0.00982092920240144	0.276083737026674
-0.655115573365021	0.695479970285734	8.42371578889757	0.0100862991514786	0.282281692721575
-0.542678731065396	3.63667490865496	8.39821713791365	0.0101708311745528	0.282519454571364
-0.714933218980034	1.03115772429697	8.39006851147015	0.0102058704363202	0.282519454571364
-0.741674626002127	2.23837501145996	8.37719487812964	0.0102501354349119	0.282519454571364
-0.48535626154367	2.29173954633672	8.36871297694529	0.0102810290534873	0.282698325125263
-0.248728909817391	6.36562963123063	8.36215208728989	0.0103046890421629	0.28292436846301
-0.810061647578303	0.518882629881433	8.35870046327034	0.0103514980614685	0.28292436846301
-0.697529245293097	0.453880824765597	8.35367744719617	0.0103668751334943	0.28292436846301
-0.267842547918792	4.43750455127736	8.32058725668725	0.0104618432537974	0.283809743027817
-0.732905305748258	3.07529295896588	8.30870322104118	0.0105075690389746	0.284023210660193
-0.258981925585404	4.99166507168095	8.30498078149196	0.0105214578570113	0.284023210660193
-0.29852624077493	3.68843224658209	8.26665817160057	0.010669842135687	0.286702609979292
-0.423087172032364	3.70029609449054	8.2483279623563	0.010741541283669	0.288000571606899
-3.83230191004046	-2.13514081594845	9.48520952037028	0.0107486827339902	0.288000571606899
-0.316859764451603	3.48554673992604	8.21295300805912	0.0108815113704303	0.288974148992695
-0.388243228946267	7.2109460336086	8.20621393249513	0.0109081899852666	0.288990432151803
-0.945682066028626	-0.816452426014362	8.19313671545222	0.0110074641026691	0.290561896761805
-0.446102043983776	1.55096063439883	8.18021936476982	0.0110150778629014	0.290561896761805
-0.437858953538913	6.18916034918536	8.17614548641651	0.0110291214590178	0.290561896761805
-0.215255796029258	5.74228525510266	8.15037734595705	0.0111339676086714	0.291829458662085
-0.526064799889432	1.87547290980884	8.13905187497015	0.0111821577915947	0.292145488120293
-1.90650994703218	-2.06050546247668	7.62428256103426	0.0112146535733447	0.292185097174034
-0.323351693633725	6.45931398822768	8.10646024313723	0.0113152728907972	0.293723860108188
-0.258862869480448	5.81924216353745	8.09517163125125	0.011362419319747	0.29400454818709
-1.50335003540522	-1.9285671123705	7.62809225898092	0.0115873252176176	0.298629969654719
-0.246996785370813	6.39601226002573	8.02718910593972	0.0116510910572715	0.299352798897873
-0.726407198986358	0.602258257296582	8.03416546688327	0.011664332671894	0.299352798897873
-2.82983099404491	-2.52281686462482	7.66449268034772	0.0117065101657095	0.299902305852853
-0.53687808892622	3.04443643819485	8.01133112073921	0.0117200104479925	0.299902305852853
-0.456826198768145	4.47580525412208	7.99129006801994	0.011806960294553	0.301300298606218
-2.12293374580281	-2.16537413406529	7.45532797043838	0.0119702974471988	0.303488871971118
-0.252986078127177	6.70734893168092	7.93323867620855	0.0120638454730673	0.305450090145596
-0.448440265199917	2.56329854191326	7.90313978968786	0.0122001819150679	0.307293008552288
-0.298987930302323	6.30405798478762	7.89282859422058	0.0122464714221511	0.308006920581383
-0.282825270604649	4.46997947552334	7.87185099307693	0.012342596305395	0.310011177241899
-0.405163874778074	3.69454993234639	7.85932322557816	0.0124005096238108	0.310012651900191
-0.250713350020086	8.25879018735128	7.85609108527369	0.0124152263324108	0.310012651900191
-0.286664795748277	8.36326605751328	7.85401754175985	0.012424829816919	0.310012651900191
-0.283498128608342	4.76973621628026	7.8364465833847	0.0125066144240066	0.311539245123836
-0.252806125197739	4.7293759259732	7.82716472747257	0.0125499974210907	0.311539245123836
-0.184530082724214	7.56845757957224	7.82671373253871	0.0125520768856553	0.311539245123836
-0.397268767824009	3.24494659287049	7.77908294449171	0.0127779107062809	0.31466022147856
-1.29996321456344	-1.25142664615265	7.70455002262913	0.0128244877851179	0.315395453834002
-0.402541038695678	5.33307486942642	7.74262630756509	0.0129533685747941	0.317188700281516
-0.27216963149499	5.22087650239042	7.73185863417171	0.0130058104787407	0.317188700281516
-1.7626612485496	-2.299452059722	7.30129129356648	0.01301511180713	0.317188700281516
-0.629296624190883	4.87920649846167	7.72076039100063	0.013060144925525	0.317875501587326
-0.266318281319397	5.52581232672387	7.7023774743474	0.0131505887424453	0.319344098162205
-0.436035435515289	3.07592758290598	7.69072440243236	0.0132087191403324	0.319840910326175
-0.26073858444901	3.76827188836805	7.68461227851698	0.0132389086805227	0.320160941590641
-0.478590846612915	4.38327425986512	7.67213449908485	0.0133011326919887	0.320433289870987
-0.307419375868663	6.39316497057596	7.66688796409159	0.0133273212977239	0.320529949960419
-2.54477283292282	-2.42051612865715	7.260712578007	0.0133391300810544	0.320529949960419
-1.1410893589623	-0.567307743928277	7.67010711655343	0.0133619717640691	0.320670322373583
-0.298555113936102	9.13234605691404	7.61940746168308	0.0135680104610308	0.323966305476486
-0.449801185238182	2.72201972662787	7.59800033509138	0.0136786767531396	0.32578393888191
-0.271515231075268	4.0454491682041	7.59453686707584	0.0136962239295349	0.325790506914019
-0.378535763922889	4.1644265351461	7.56429474496753	0.0138537605556063	0.328544239034226
-1.11728563733089	-1.5354126710906	7.47174486564678	0.0138812839532964	0.328544239034226
-0.389091813798074	4.60834115889337	7.55462657693216	0.0139044830801533	0.328544239034226
-0.228493371788306	4.75666982725527	7.5523438706499	0.0139164950956023	0.328544239034226
-0.341919505162875	3.28767033052309	7.52403304360757	0.0140668879155779	0.329607533244105
-0.273945372428609	3.55127576918089	7.52214387413427	0.014076898577664	0.329607533244105
-0.557404390543604	2.06136468004424	7.52135512994754	0.0140823141803889	0.329607533244105
-0.593649228107632	2.43819322853558	7.51667729554816	0.0141067918375076	0.329735333867293
-0.321864828703918	6.62087724687627	7.49031011878401	0.0142478297388174	0.332194189551857
-0.222567315778293	5.42621948006529	7.44204819108139	0.0145118675012817	0.336909087781865
-0.21896290688508	5.57911060252143	7.43789448224063	0.0145348507076173	0.336909087781865
-1.01671904518944	2.30770792257778	7.43492269223836	0.0145537512246544	0.336909087781865
-0.250511746173699	4.53068142199583	7.43200733925298	0.0145675559415985	0.336909087781865
-0.229396481069901	4.38870599858798	7.43180365506523	0.0145687161113488	0.336909087781865
-0.201671108108866	7.60770866573902	7.41308486742022	0.0146729830641191	0.337112324806204
-0.221305172939902	5.83118242051561	7.40945151601345	0.0146933435645014	0.337112324806204
-0.481939271240625	2.6383744704415	7.40778693066627	0.0147033779992203	0.337112324806204
-0.270103465660581	5.60334461879539	7.40487850178147	0.0147190106500305	0.337112324806204
-0.456920503173992	4.6924999460929	7.4036084980185	0.0147262129905271	0.337112324806204
-0.389810768559773	5.60529760698628	7.39189877193461	0.0147921395487123	0.337125377703773
-0.340758441919607	3.21185615693659	7.37054422604752	0.0149136970553717	0.338936225970452
-0.264198517536801	3.96349658089973	7.3596540756992	0.014975764714191	0.33952866562955
-0.463745868682352	3.36250470681244	7.35215031674849	0.0150189439167444	0.340098846460443
-1.11651539347207	-1.63849900002722	7.1221585274084	0.0150688902666551	0.34082071594714
-0.225733860619077	6.12172383760664	7.33722904645095	0.0151047107654406	0.341221747507192
-0.83909059080855	-0.640231265247813	7.34489295833909	0.0151231820778979	0.341230363080608
-1.93403162157936	-2.06181544069585	6.89918698212829	0.0151531434485054	0.341497903069483
-0.441492503818311	4.84190873494035	7.31716834407811	0.0152213467727274	0.342625613572741
-0.5153920226253	1.25962474136915	7.30252261082794	0.0153224524813636	0.344087415030983
-1.22866055138787	-2.00263255167588	6.89427095892403	0.0153227709604	0.344087415030983
-0.793817511452206	0.379685231332705	7.28677970895961	0.0154310243335131	0.346106316293766
-0.471734197593871	1.81145876007524	7.24076424346299	0.0156768252811997	0.349681212136758
-2.24157247152697	-2.60775129859476	6.8012565350462	0.0156823661922587	0.349681212136758
-0.343432234405609	4.99801098367483	7.23219583742155	0.0157266085792954	0.349755745664013
-0.814755471847851	-0.544941335799283	7.23622637166947	0.0157861582289963	0.349755745664013
-0.630956783067472	1.01683216276513	7.2203971990746	0.0158049781420514	0.349755745664013
-0.200560017937867	5.36214559732491	7.18762935393926	0.015999218870009	0.352770448431744
-0.304276674487027	5.79159320219189	7.18404593878607	0.0160213690252118	0.352770448431744
-0.337593208437554	3.64278765657962	7.18311220513682	0.0160273696817052	0.352770448431744
-0.263643295074544	4.4817504334054	7.17718711213544	0.016063966499806	0.352829955077838
-0.303307904804957	3.14543590583006	7.17172265238023	0.0160981809449868	0.353093008331727
-1.62970848062325	-2.29709949667329	6.69372175337763	0.0161247351213923	0.353264667357518
-0.275601067456303	5.47703155897574	7.15894697485705	0.0161775274513083	0.353988119909938
-0.187199999880278	9.54710219273428	7.1531142536318	0.0162140558554942	0.353988119909938
-0.236465798147672	5.22599694907012	7.14273595981178	0.0162793112405083	0.354591972205206
-0.255258970028607	4.9733585684185	7.13245460088492	0.0163442441056872	0.355087833202174
-1.00069276609422	-0.381257176430552	7.27721064614994	0.0163674352892847	0.355087833202174
-0.228572708109366	6.37659404708564	7.11499963083796	0.0164551378903296	0.355090862313945
-1.18202834881199	-1.40282161142794	6.85275080631305	0.0164668580254502	0.355090862313945
-0.405620998476648	4.18433866611683	7.11243787845422	0.0164716378372847	0.355090862313945
-0.305861364093745	4.4574503791543	7.10753037165521	0.0165029630746775	0.355360037074934
-0.369053971427086	2.30137642756485	7.09999648095099	0.0165521592137424	0.355607493449684
-0.302834772794624	5.53969876785863	7.08636383721004	0.0166389559105976	0.356254966335531
-0.168246068868113	6.66138387045541	7.07455340611161	0.0167154410898741	0.356678015020696
-1.16542912650494	-1.72831545859501	6.87920509491818	0.0168134651595247	0.357098005534806
-0.272064261087969	3.75551183082716	7.05704949440807	0.0168297792991805	0.357098005534806
-0.265295394953862	3.63702528274304	7.04831003801331	0.0168870973015708	0.357911591460146
-0.249198430551189	4.54237389333825	7.02974634050532	0.0170093913986165	0.35966579878579
-0.567393029996338	1.07556402264238	6.99476104687163	0.0173086204365646	0.364388959034507
-1.94111943939925	-2.20800793585847	6.58396853634532	0.0173564735284689	0.364613288809435
-0.211228727922612	6.07924838303907	6.97707090278472	0.0173623307505093	0.364613288809435
-0.207767090493295	5.57349247371482	6.97487003996735	0.0173772648380259	0.364613288809435
-0.853723317424944	0.127722184748377	6.96122586947353	0.0175185113915161	0.365760589458674
-0.388336902269188	4.7493304710977	6.95293310244897	0.0175269204637633	0.365760589458674
-0.188577304452679	5.21635412349807	6.95264084255787	0.0175288964041055	0.365760589458674
-0.594557472275668	1.25848171218087	6.94086865462072	0.0176320112457838	0.366451766326883
-0.269881286803547	4.82388724220832	6.93695530387656	0.0176368114756297	0.366451766326883
-0.473795125905298	2.04369606469427	6.93678933924911	0.0176397287719244	0.366451766326883
-0.222826098615486	7.28950347840143	6.93222833445706	0.0176694475160348	0.366665333877849
-0.207531768618081	8.78512292417234	6.91576548772074	0.0177837490517674	0.367209604148675
-0.328152606232243	3.84178401965907	6.9088898783955	0.0178319460001159	0.367209604148675
-0.177470906726176	6.28722988260204	6.89027722761276	0.0179623844377059	0.368688202011368
-0.197667936205029	7.88610452976156	6.87131005814854	0.0180966403222803	0.369433903029409
-0.164974033541084	7.05982406143648	6.86599703916862	0.0181344538017285	0.369805623850815
-2.15975472198916	-2.55069005020522	6.44616859983043	0.0181805281645597	0.369883174262766
-0.192780861694973	6.07736825458777	6.85722514793712	0.0181970834817286	0.369883174262766
-0.549793920881358	1.98262070710714	6.83630486223639	0.0183490894114041	0.371771077945558
-0.238996264756567	4.55266036341203	6.81834333714756	0.0184777582805128	0.373175540091342
-0.196970168772671	7.78856084519533	6.80802278317572	0.0185529664269277	0.37429369594774
-0.337355204057896	5.94531303463494	6.79818764813453	0.018625057581272	0.374946063132907
-3.07381879963159	-2.41977451316952	6.68168903531268	0.0186798563710934	0.375248275535606
-0.193465630692808	8.31009452737774	6.77861294876204	0.0187694791727669	0.375338423773662
-0.278190257503001	4.0990976026442	6.77442936209938	0.0188006982018107	0.375338423773662
-0.515910836149875	1.36769484072829	6.77064196961495	0.0188362539654673	0.375338423773662
-0.243490892146594	6.01530438743824	6.76933224373283	0.0188384040321655	0.375338423773662
-0.615160872233427	4.19471592619745	6.76760695838304	0.0188514545926805	0.375338423773662
-0.404634355408908	2.43151725200815	6.75976335158382	0.0189106772485048	0.375338423773662
-0.223981793529379	6.22713462196306	6.75354275062904	0.0189563246872612	0.375338423773662
-0.373775121445171	2.07073505369382	6.75006167365382	0.0189838123931989	0.375338423773662
-1.39594424575482	-1.60982263303373	6.5251937511121	0.019027383796506	0.375338423773662
-0.194494912052373	6.65580038134134	6.74363883105455	0.0190307189777189	0.375338423773662
-1.36586793871016	-1.87753475568938	6.41423120336704	0.0190518781037917	0.375338423773662
-3.22232057355743	-1.62416903045741	6.93420264181832	0.0191221028068966	0.375338423773662
-0.298961678704198	3.4741232387391	6.71929656691205	0.0192153379006899	0.376385170114967
-0.178859076704972	7.0236043032819	6.71303859242814	0.0192626924733116	0.376921336228295
-0.259706298992906	4.58534385938509	6.70095185189493	0.0193553018838697	0.377949336889684
-0.222059168179327	4.86923598507685	6.68705592758366	0.0194622156442692	0.378870933301505
-0.274449638157471	5.15829711883691	6.68585716263967	0.019471481830756	0.378870933301505
-0.438511596405678	1.95064671087687	6.68342488738576	0.0194930882002947	0.378870933301505
-0.222176846955492	7.09936078431958	6.67692939811345	0.0195405902390144	0.378870933301505
-1.1883856356216	-1.19866691007957	6.58624016089002	0.0195999257963814	0.378870933301505
-0.437640965223565	1.40968897088918	6.66868095164423	0.0196092753940571	0.378870933301505
-0.655946729652213	0.0158593035814083	6.67459135391683	0.0196174603309682	0.378870933301505
-0.334160475075781	4.86901920133999	6.65328309375349	0.0197251033418483	0.379435487452346
-0.252032175535445	4.3434550406522	6.64459077351446	0.0197934856413672	0.379435487452346
-0.234387660362001	4.9373221045742	6.64007609157852	0.0198289812970759	0.379730024575373
-1.67284255865394	-2.00177377930051	6.2956435068995	0.0198933569278112	0.380221975993806
-0.198454455128734	7.37592964183038	6.62966002742172	0.0199113187901931	0.380221975993806
-0.276755292771275	6.13235452689339	6.62917827561647	0.0199151414028458	0.380221975993806
-0.996670701132796	-0.960821692809873	6.60616350879509	0.0200426259242099	0.380896139300522
-1.44545193291085	-1.92829118847903	6.28550819947048	0.0201096964179803	0.380896139300522
-0.22040463123333	4.68348846049364	6.60104304937916	0.0201397209759761	0.380967017091933
-0.230091028530234	4.5186733465352	6.59900497989034	0.0201561301520304	0.380967017091933
-0.177731286285224	5.44300287853378	6.58383347587575	0.0202784240943986	0.381748416858923
-0.83482601597077	-0.575742248390848	6.58257734601171	0.0204197846791192	0.382888908340246
-0.217618132692735	4.48184149721403	6.55955653233967	0.0204761228230044	0.383086339987508
-0.27817973662284	3.93609549251172	6.52863397136043	0.0207311269186785	0.387124807393459
-0.328263451427915	3.51445643382699	6.50375463747485	0.0209388917471084	0.390286872555045
-0.250328253008522	4.03882037153026	6.49612575849697	0.0210029599451352	0.391094603598308
-1.62589525959	-1.88964090297398	6.01778122563382	0.0211203117963767	0.392810573897501
-0.335248007128432	2.43445685773321	6.47790359855461	0.0211579552833098	0.392810573897501
-0.162508532377786	8.22788094149588	6.47537756900884	0.0211784103087398	0.392810573897501
-0.323050463071607	3.88932516033194	6.46507635671187	0.0212664580222028	0.393669477598442
-0.397073667805477	4.36110600910247	6.42613408127156	0.0216021659301498	0.397931304629312
-2.36237245914282	-2.29165556666463	6.61662792287965	0.0216812215905985	0.398220918075424
-0.252262987769628	5.39324471830959	6.41298139586052	0.0217168390745715	0.398487096754516
-0.230257606951322	5.70483074443649	6.40931353402642	0.0217489697214729	0.398503895639865
-0.255720221929902	6.23600040656989	6.40564803022055	0.0217811332452262	0.398503895639865
-0.397829103813123	5.72886760040592	6.36272246502257	0.022161914901917	0.404243577736189
-0.377882819109178	2.47021370163299	6.36075234373639	0.0221805705856415	0.404243577736189
-0.184932423863836	9.16963185113788	6.3554889542303	0.0222268164067109	0.40430514742506
-0.261866936313313	3.92667678283007	6.34109083417822	0.0223568960338862	0.405322132715274
-0.180716704229296	5.85587756551208	6.32732476300977	0.022481640608341	0.406492583883546
-0.25176187886335	5.60774304110527	6.29511031334859	0.0227772078578975	0.408670456805151
-0.192074832681657	7.47410586004708	6.2925523370316	0.0228008592150943	0.408670456805151
-2.95144689244634	-2.52189540255452	6.15915878531595	0.0228185684566349	0.408670456805151
-0.438902635022729	5.27691055325227	6.26426638302814	0.023064375367754	0.411280902845619
-0.255008529616545	4.59517685551517	6.26386397182766	0.0230681861427485	0.411280902845619
-0.363331091811101	2.46508919618176	6.26073022754582	0.0230994127421759	0.411448746511486
-0.297204106374145	3.98233649796162	6.25351892380117	0.023165601603156	0.412238436830501
-0.39078880358228	2.06909261200914	6.22039655372413	0.02348147609852	0.41492755665066
-0.278478148232068	7.89242334082869	6.21784008318176	0.0235044385971222	0.41492755665066
-0.305353764121175	3.50886209394346	6.21680702887626	0.0235146879107011	0.41492755665066
-0.190077347071412	6.67404804187958	6.20563007984985	0.023621768948566	0.416427502501682
-0.873016978351678	-0.31607484054621	6.20995656829226	0.0236865727284596	0.416680914683942
-0.410428569644134	2.72474591303151	6.18945352149833	0.0237789524220445	0.417637224894809
-0.177940725381652	5.30307001141196	6.16728065324244	0.0239946688774812	0.417923766422832
-0.166586440561219	6.86346671998265	6.15591033864538	0.0241065073837275	0.419073972742474
-0.282817722964937	4.98417688419078	6.15380044056941	0.0241273569632787	0.419073972742474
-0.241071997766927	3.57707230452796	6.12892700844946	0.0243746317899737	0.421422254447041
-0.684337048542857	1.43999460438589	6.1270879780766	0.0243966019114758	0.421422254447041
-1.23517737016322	-0.545864555311687	6.12671326611641	0.0244926737666218	0.421782586057506
-0.201532601566035	5.51908477995132	6.11681630902891	0.0244956608424607	0.421782586057506
-0.339121369480014	3.84320852332657	6.11408282093075	0.0245233727011493	0.421782586057506
-0.438589682261969	7.2021489461431	6.11347307987307	0.0245292634737361	0.421782586057506
-0.212732573988777	4.1670259243936	6.09279140862257	0.0247385598068509	0.423416917840715
-1.84028549360248	-2.05983846311874	5.7620387577698	0.0248590061094632	0.423584279036352
-0.195708776334159	5.8862181058778	6.08023283896563	0.0248663361889217	0.423584279036352
-0.244438641487105	3.67165764016166	6.07713016768251	0.0248983289816775	0.423584279036352
-0.399240494292003	1.80703873898216	6.07727083002755	0.0248990935977493	0.423584279036352
-0.373970951849629	4.97382980962107	6.07660069761654	0.0249035129858089	0.423584279036352
-3.26182609109119	-2.44472431256683	5.98718039483461	0.0250650652142732	0.424843330463953
-0.216400646091226	5.54644969611258	6.05747885589653	0.0251001306013764	0.424858028706278
-0.31640240708558	2.32684472389569	6.03934992429961	0.0252894568936875	0.425722426568087
-0.25333824631494	7.59127731438214	6.03672262871769	0.0253155817574683	0.425722426568087
-0.525988885733123	1.98652350001695	6.03410747695039	0.0253452579174889	0.425722426568087
-0.238281356114875	4.05001844836969	6.03097755846836	0.0253758300635423	0.425722426568087
-0.207870168758941	5.03655011024706	6.02957106961087	0.0253903265593542	0.425722426568087
-0.342934036844461	5.71143082375165	6.01015562440315	0.0255944657762324	0.426795509518587
-0.287398577698528	3.45424730366215	6.00915116073641	0.0256054069220443	0.426795509518587
-0.172586114562151	8.33223783803962	6.00875147756277	0.0256092950965911	0.426795509518587
-1.37071757200477	-2.18663203739403	5.66727088894224	0.0257827865059169	0.42744371454541
-0.286119208845032	4.34964328254885	5.98589447908302	0.0258523701906061	0.42744371454541
-0.372610472523692	1.85531304994332	5.98407845443229	0.0258751042826027	0.42744371454541
-0.225103946782632	3.74235052364186	5.98227765736153	0.0258911441420329	0.42744371454541
-0.958751308050067	-0.30037708284546	6.69130572500803	0.0259008729112762	0.42744371454541
-1.04788663960186	-1.66537454508988	5.78885513949277	0.0259427162702768	0.427760014865587
-0.261661210440772	6.32358354033521	5.9723363603944	0.0259975442831066	0.42791594922534
-0.214433708008504	6.51952793179859	5.96872406299583	0.0260364227143717	0.42804985582247
-0.714649154648547	-0.179608947427424	5.97392562537937	0.0260737573206816	0.42804985582247
-0.170880323941669	6.38345267240964	5.92672275969313	0.026493409203176	0.433392232665002
-0.462879927418269	1.12090896448293	5.92538698738289	0.0265140559028475	0.433392232665002
-0.18906519853548	5.95259315096675	5.91882239583769	0.0265803931080427	0.433636800152803
-0.658596213125777	1.44109302488477	5.91897029252505	0.0265835580219534	0.433636800152803
-0.191149681621344	10.0282012362256	5.91663533523671	0.0266045242768552	0.433636800152803
-0.225723531633122	5.18178870024083	5.91298599771903	0.0266448718587012	0.433636800152803
-1.03782366837859	-1.87869982470784	5.67908452900445	0.0266632045123749	0.433636800152803
-0.206412254582254	4.23050164936063	5.9074966753294	0.0267058315656983	0.433636800152803
-0.189143709593107	7.53145256534941	5.90336877276072	0.0267514765759047	0.433636800152803
-0.433843937304569	3.14006222517128	5.9029324840236	0.0267569008940754	0.433636800152803
-1.04669345000104	-0.754272296113141	5.89867612407968	0.0269003893831603	0.435555403377299
-0.237701197576786	4.32916580429358	5.88034818188386	0.0270088448334914	0.436936398022426
-1.03424427586944	-1.05187570388073	5.8707064786389	0.0270614398582801	0.437412116578181
-0.800446633839769	-0.125222639175067	5.87390568031526	0.0271779409484059	0.438919092559744
-0.169833320062557	6.08991271446881	5.86131317497546	0.0272235088448476	0.439164077489732
-0.230068554491952	4.51344469453531	5.85976138845657	0.0272412176707958	0.439164077489732
-0.676601910498921	0.479856896411101	5.86102897037004	0.0272754421825001	0.439164077489732
-0.204366065789345	4.99390158119844	5.85578878205409	0.0272862375453515	0.439164077489732
-0.225307277432249	7.59519916110558	5.83630909911666	0.0275086708896815	0.441050061899936
-0.238629883578779	6.91966498485866	5.83351519582369	0.0275407476060059	0.441050061899936
-0.783650737014268	-0.297625695752039	5.83909805733311	0.027555952651129	0.441050061899936
-0.386346724908151	3.3362347635873	5.83125879701403	0.0275670902284909	0.441050061899936
-0.157338289159298	7.20214120523213	5.82482378808758	0.0276408051686637	0.441708945027139
-1.23547565398918	-2.060727845814	5.49458548143983	0.0276551059787442	0.441708945027139
-0.276605086007597	3.32176407053827	5.81443534659927	0.0277613496619406	0.442303970970164
-0.521580590499574	1.55267234471032	5.79707401679965	0.0279676034841155	0.444923227057802
-0.170807765936488	8.10814701480552	5.79409901705557	0.0279978725821773	0.444923227057802
-0.222317741633661	6.36111069912232	5.78809507301802	0.028068266552331	0.445666424222743
-0.665045323514956	0.831237351728266	5.78307205442906	0.0281402468899704	0.446002810802393
-0.199354581310997	6.32141668631361	5.78026391486436	0.0281603852868393	0.446002810802393
-0.759374797684785	1.46062441437156	5.74834073427448	0.0285499032108395	0.447766791460454
-0.950895538840256	-1.38295437115741	5.68784520452693	0.028550436951395	0.447766791460454
-0.333956354831058	5.32502305786518	5.74372224974974	0.0285948498082535	0.447766791460454
-0.295404975825061	3.4289388737508	5.74298268225958	0.0286040918045829	0.447766791460454
-0.170174053649061	5.53839026142632	5.73784869961522	0.0286653906302945	0.447982819767395
-0.178681102370517	5.92866185383447	5.73137711841493	0.0287433476293488	0.447984976637577
-1.34610014506978	-1.98739088739419	5.45455242019823	0.028761497137253	0.447984976637577
-0.268304893428075	4.82096914751246	5.72714465230751	0.0287945631784335	0.447984976637577
-0.57726171366217	3.17208147046929	5.7260658571732	0.0288080250575932	0.447984976637577
-0.179197454144757	5.23233781566942	5.71378323195114	0.0289565370983516	0.448431054277557
-0.21388778753564	5.11750461716369	5.71242005858076	0.0289731325902121	0.448431054277557
-0.197166032075368	5.85106800303459	5.71122053158764	0.0289877313115961	0.448431054277557
-0.196965101607059	6.04357703688585	5.70879874546504	0.029017251397139	0.448431054277557
-0.191575417128685	5.59334753163168	5.70784335082668	0.0290289118937241	0.448431054277557
-0.234750373902521	3.89604474467737	5.70699922130768	0.0290394559933356	0.448431054277557
-2.23843913464192	-2.57631950940778	5.66311272625344	0.0290572642776317	0.448431054277557
-0.195477513532257	7.4729844762194	5.70411505396151	0.0290744409363013	0.448431054277557
-0.986998507127896	-0.985662782948832	5.69471813781115	0.0292062616621328	0.448995691713782
-0.253834214806067	4.35047509457132	5.6910538328614	0.0292347717140093	0.449067995799151
-0.22827984287387	5.5911365514937	5.67413085953214	0.0294436750256526	0.451174688878054
-0.25407989457168	3.5238907370151	5.66211345792302	0.0295934854657222	0.452246474720476
-0.274978053338212	8.40918376189599	5.6608018036482	0.0296095210878327	0.452246474720476
-0.435604222073964	2.2943193374611	5.64660056191344	0.029788960786053	0.454142202820028
-0.206290396240834	5.99994490734574	5.64513360693113	0.0298058658268141	0.454142202820028
-0.465657013650975	2.54090681598411	5.6420244705804	0.0298461468078194	0.454160615296417
-0.176467254687076	5.58192435420947	5.63463398024415	0.0299382769423063	0.454160615296417
-0.642351446498432	0.495750644947879	5.63254393344001	0.0299907027357026	0.454160615296417
-0.191989868764735	5.96089214706424	5.62912596923303	0.0300080002968471	0.454160615296417
-0.256340844026032	6.21810750048735	5.62689725585209	0.0300362656841311	0.454160615296417
-2.19637894097694	-2.20717692039234	5.37328093290685	0.0300478422249869	0.454160615296417
-0.319750883250698	7.05362190359065	5.61939242777751	0.0301316746422169	0.45469902302091
-0.175283541011613	5.83414824991969	5.61480295909466	0.0301901984566394	0.45485440374408
-0.252687477962207	4.60198935461698	5.60798878398737	0.0302774007660401	0.455160931588119
-0.25014389247099	4.62651807662966	5.60602707816004	0.0303025334327527	0.455160931588119
-1.59344767155952	-2.07895631786838	5.33920489044121	0.0303442512116374	0.455160931588119
-0.220948443334855	4.50215776386831	5.59816338337928	0.030403582346447	0.455160931588119
-1.73950215251979	-2.34701963179453	5.47949159571714	0.0305408909307973	0.456434257252393
-0.307225082278845	2.4285045029876	5.58602095378776	0.0305612292270462	0.456434257252393
-0.195305398634674	8.7155547509155	5.58024687130371	0.0306350202285645	0.457174356464725
-0.333039179183299	2.90360019190639	5.56893404509073	0.0307829624545984	0.458090063888607
-0.187615136250589	5.96415924478243	5.56418653639087	0.0308443228247773	0.458090063888607
-0.154651449654083	10.9004079578215	5.56403973840703	0.0308462379420908	0.458090063888607
-0.202022385967089	4.41125401824044	5.561574304058	0.0308786588105127	0.458090063888607
-0.241323892171266	4.68348000316352	5.56013292969963	0.0308975060451499	0.458090063888607
-0.418205070360031	1.68098650023627	5.55622448346969	0.0309521750220339	0.458090063888607
-0.631264224139555	0.0105245007853642	5.5582429301196	0.0309947436213255	0.458090063888607
-0.179713140012206	6.75720536815475	5.55147857678438	0.0310110928881113	0.458090063888607
-0.209561052150964	5.96014977382901	5.54607198267532	0.0310823649618253	0.458356368952908
-0.528529026603922	1.12690262657016	5.5351790368429	0.0312351266389489	0.459831933962244
-0.342314308987514	4.33792672830971	5.53327955687759	0.0312518973302018	0.459831933962244
-2.07541599173615	-2.41946349343687	5.2245584909956	0.0314593837322194	0.461694876851916
-0.223196390850638	8.37653034943582	5.50870213694095	0.0315801281000227	0.462856220940737
-0.282213000607666	3.45162199960314	5.49089865580537	0.0318211565260622	0.465090748029999
-0.180206437776522	5.20049091448439	5.48595715416567	0.0318875911704055	0.465090748029999
-1.23339917864441	-1.44301267726657	5.39333374802559	0.0319463312101677	0.465090748029999
-1.68833818180965	-2.4148297362365	5.67537883372648	0.0320433493713458	0.465090748029999
-0.386634837988832	4.66864750546687	5.47243222926431	0.0320721418620433	0.465090748029999
-0.670735590195224	-0.0180027636828756	5.47797007814258	0.0320747135374704	0.465090748029999
-0.191511996283998	7.509635121778	5.44351938730055	0.0324704535662665	0.467993596634383
-1.41193805566873	-1.7007110397699	5.29353892452277	0.0324763063740355	0.467993596634383
-0.205413116320375	5.29185479317175	5.44308808999879	0.0324764681118808	0.467993596634383
-0.208443516125658	5.01466528184459	5.43367025939607	0.0326074953352864	0.469523041610312
-0.398299723256631	5.35575940652912	5.42189634420123	0.032772208161937	0.470770991842301
-0.335156566075134	5.46618634218422	5.40668465883893	0.0329863310739565	0.47186734510461
-0.2633690073417	3.38797340073502	5.40606690444046	0.0329954423046695	0.47186734510461
-0.842954916235221	-0.678067121921465	5.40938336299094	0.0330633710989476	0.472480582605643
-0.363971044080677	5.18622896798727	5.39621387536215	0.0331347088093996	0.473141568714386
-0.172558768225435	7.8648645270445	5.39394814001884	0.0331668788343316	0.473242689449317
-0.19274738996271	5.70688916685888	5.39093274691589	0.0332098011793886	0.473496961184284
-0.186977799980836	7.09464691095454	5.38479804488723	0.0332972986316499	0.474027882331179
-0.159311518137275	7.375957910599	5.38193377064215	0.0333382443637465	0.474096279661709
-0.203551663314681	4.85205610863574	5.37888401995974	0.0333819448523682	0.474159356739624
-0.300507626409247	3.32310111711842	5.36319644221851	0.0336079616860504	0.476279937970918
-0.208759796886614	7.19521047585745	5.34675243767992	0.0338459340833877	0.478545776673619
-0.241890726122018	4.84880542616638	5.3452208702577	0.0338683460668653	0.478545776673619
-0.24773045907751	5.86651933613455	5.33909413450935	0.0339576289462969	0.479155964869663
-1.48572091860065	-2.10228027818628	5.06566539687183	0.0339877368920961	0.479155964869663
-0.285740651250339	4.71612553162841	5.32765557927512	0.0341253142505845	0.480019241393569
-0.175791681372111	5.30591468491775	5.3243361220905	0.034174066889666	0.480346813516967
-0.241955280441039	6.57379345314609	5.32022352540001	0.0342346498312181	0.480840059394093
-0.828401539019627	-1.0052828172122	5.29864944211428	0.034276562259099	0.481070531170673
-0.30167847100143	8.18525908430239	5.31324726116477	0.034337718091687	0.48134656531919
-0.192325030987318	7.35564956870692	5.3126022782057	0.0343472659131437	0.48134656531919
-0.160675963217445	8.00566041521715	5.30075666500546	0.0345231533094866	0.483093650502111
-0.702561584555606	0.432117159211241	5.29688477493643	0.0346090539342928	0.483578210638937
-0.284002599639832	4.44144059443975	5.29104584583038	0.034668259749925	0.484046916108686
-0.475463149248061	0.886219554414936	5.27584719396786	0.034910378495372	0.4870669153537
-0.223411902407217	5.78798103556284	5.25570080423205	0.0352017016518592	0.48964435840004
-0.147854214800194	6.95023308245477	5.24708191963472	0.0353332367345615	0.48964435840004
-0.244436380781314	7.06398563839846	5.24594292796197	0.0353506622324978	0.48964435840004
-0.179381775432597	4.74475371800834	5.24507863273881	0.0353639577804402	0.48964435840004
-1.80580391717107	-2.66448286673444	5.37302787216771	0.0353806870660189	0.48964435840004
-0.559359430800394	1.21554513837217	5.23151490890039	0.0355902800839034	0.491463728567108
-0.2249668426443	4.18953789928241	5.21655104774731	0.0358039702109399	0.492252398024023
-1.33734769644183	-1.83576471031177	5.31591127442926	0.0358854187888159	0.49229574880977
-0.360676937866851	2.19001934640087	5.20767188028567	0.0359435612104198	0.492641405062237
-0.344316941878938	2.79319437787375	5.20570396193471	0.0359734276772327	0.492641405062237
-0.301238348673574	5.12160690208897	5.20466259613004	0.0359889654973102	0.492641405062237
-1.06619004320713	-0.840421805400823	5.20476038860592	0.0360304552861471	0.49285168822523
-0.53220152568982	1.7128511938785	5.19150621495937	0.0361983130980116	0.49341329713596
-0.201374395278818	5.79101305447194	5.18854947369786	0.03624169153419	0.49341329713596
-0.285493615998574	5.65297520252487	5.18376570184583	0.0363171210084195	0.49341329713596
-0.229895471048199	4.67143661698399	5.1816085960138	0.0363512521574917	0.49341329713596
-0.165400163990805	7.87944345527193	5.1774743575085	0.0364165856183772	0.49341329713596
-0.147020139969227	6.55644850246711	5.17672202635629	0.0364285038874662	0.49341329713596
-0.200697295043623	4.61318315509199	5.17359275820323	0.0364782227012154	0.49341329713596
-1.05017195932683	-1.82275989230442	4.92781837364302	0.0365756582681949	0.493500410908815
-0.175546932110368	7.27287231637708	5.16469349324882	0.0366196342436381	0.493500410908815
-0.222262310689752	4.15533493296436	5.14844013480826	0.0368799570787304	0.495283282832965
-0.8786378763	-0.554477800262668	5.15017210769201	0.0368908981805819	0.495283282832965
-0.186527632263392	7.1483674875435	5.13281984261686	0.0371317142915519	0.497454209290868
-0.385153156016066	3.33399866897224	5.125478516308	0.0372512622717394	0.497866271920685
-0.156292027031603	5.51568043219352	5.12523684633212	0.0372547664251917	0.497866271920685
-0.325322821554744	2.32432433506429	5.12288088181634	0.0372944410869919	0.497866271920685
-0.987839145612268	-1.38344440991454	5.0552502053462	0.0373664252628928	0.498474455257389
-0.53984210788094	1.18513097186214	5.11557406800022	0.0374187739188728	0.498820022919928
-0.238828182075605	5.89664049722743	5.10325626454551	0.0376140743167413	0.500362682536454
-0.140722997453105	8.21281310201265	5.10058897548903	0.0376579403320789	0.500552377237123
-0.394248649985668	1.74717228422982	5.09934522408972	0.0376814067580297	0.500552377237123
-1.04963606102775	-1.25252213042402	5.06892830191169	0.0377390785097625	0.500965684679557
-0.346526439539025	2.03268159050896	5.0837683851776	0.0379378705985244	0.501781104536239
-0.354090627397974	1.7434447909073	5.07984892846663	0.038004499859399	0.501781104536239
-0.16395261278383	5.46755992618178	5.0739386822749	0.0380995645026005	0.501781104536239
-0.512355512941026	0.446287532674461	5.06167112767883	0.0383336850222858	0.502617340845593
-0.326384523254782	5.65932555140641	5.05939218714403	0.0383431242897104	0.502617340845593
-0.282503529742887	8.95694067878393	5.04635711460778	0.0385628953086606	0.504446528576467
-0.188969985436385	4.56254361967656	5.0432212106365	0.0386160989204293	0.504792428230116
-0.232802142721475	5.75901703038967	5.03765495317544	0.0387104369601598	0.505076560754683
-0.206456752123005	4.47022051425668	5.03237408251853	0.0388003941902545	0.505446924098137
-0.594031668957846	0.394668318811818	5.02512178426838	0.0389962361488373	0.506253270802145
-0.925327474817241	-0.376020605947597	5.02304051243356	0.039090197068807	0.506775523923647
-0.72093513361219	-0.666666647295356	5.01371200100528	0.0392395790854529	0.50719189447215
-0.177691120201039	7.37101543360981	5.00307502021907	0.0393031538420425	0.50719189447215
-0.194020667540734	5.60145651364452	5.00301258384002	0.0393042425860381	0.50719189447215
-1.56274368081785	-1.60446721612965	4.82230811902645	0.0393094286025714	0.50719189447215
-0.191640345385684	7.23650657021734	5.00043338691858	0.0393488622068766	0.507339431174513
-0.178575723425881	4.73773018041066	4.98615320448543	0.0395970730120244	0.507950921429541
-0.760383856617977	-0.564282562332715	4.98794255387768	0.0396672552440134	0.507950921429541
-0.251625974706984	3.62391056963067	4.9803493768089	0.0396987605759934	0.507950921429541
-0.612734570458076	0.128204982410293	4.98259710264717	0.0397079730223693	0.507950921429541
-0.375951174052131	1.89649087221314	4.97894703412979	0.0397255132841327	0.507950921429541
-1.18136095064648	-1.55099851117754	4.90921585551948	0.0398084972992278	0.507950921429541
-0.227083070779898	6.09225111730713	4.96949837837377	0.0398887241327156	0.507950921429541
-0.135806987050924	8.66376148604993	4.96294341172956	0.0400042064577644	0.507950921429541
-0.579378749433758	1.35879074450263	4.9613330787323	0.040038527053604	0.507950921429541
-2.57120879805927	-2.66718886406438	4.93169006673153	0.0400898347956042	0.507950921429541
-0.137244211384397	7.03082737211883	4.95309866104234	0.0401783811193514	0.507950921429541
-0.491563665639208	1.00061043672942	4.95302430661647	0.0401944658404643	0.507950921429541
-0.233822632324209	5.25135217096804	4.9469195495869	0.0402881821335918	0.508672007754982
-0.198173343638215	7.34293861836535	4.9421616907754	0.0403729046078444	0.50940073553028
-0.276353587331366	3.71002936587384	4.92820338538265	0.0406232017114581	0.510180405636139
-0.221158849971351	3.89797681170984	4.92380473719806	0.0407021444701449	0.510180405636139
-0.538623531376462	5.37598275517181	4.9221206555174	0.0407322107240643	0.510180405636139
-0.853017888576779	0.82007511522509	4.91437710066983	0.0409096324814141	0.511045296355573
-0.257614367745852	4.65414528762503	4.9080661831555	0.0409864555217097	0.511666122108544
-0.209579064804547	7.75429679182025	4.8899629480659	0.0413164126638991	0.514423427114937
-0.175323979937217	7.13883164531023	4.8837918908578	0.041429630659674	0.515153014590264
-0.883562412862756	-1.32250280317657	4.84809444711618	0.0415754255082345	0.515267576453237
-0.232452800138861	6.06521708134339	4.86341620876569	0.0418060104397861	0.516090821286443
-0.279691001969163	3.85756795772303	4.8589139753597	0.0418899988506299	0.516613844786378
-0.84902244439608	0.00400152606484413	4.86152631705715	0.0419388668230261	0.516613844786378
-0.526882496371119	-0.0268607918362905	4.85617570694208	0.042021065675127	0.516613844786378
-1.56270467473949	-2.27516559063538	4.58351850035748	0.0420595968737626	0.516613844786378
-1.31704719926026	-2.01990413783294	4.61134822695439	0.0420970593420891	0.516613844786378
-0.145885605701609	7.48598091529807	4.82783529002064	0.0424727595859606	0.51888838346501
-0.524847287537082	1.33214126972357	4.82242238144949	0.0425814362633652	0.519570352821792
-1.11479397113183	-1.57829754722494	4.73598182237785	0.0425836699073578	0.519570352821792
-0.216858829379224	7.27941790025149	4.81107186671477	0.0427911434820296	0.520809648345523
-0.33793524493388	1.85977996090889	4.8072472258627	0.042867044608246	0.520809648345523
-2.3683742667561	-2.60915028266426	4.72343995003245	0.042870494867895	0.520809648345523
-0.168035182800612	7.72325047727471	4.80616357544814	0.0428848863508727	0.520809648345523
-2.14416868412856	-2.69660793360636	4.91165044063246	0.0429490236429786	0.520995133747592
-0.479866021155112	0.966459896430919	4.79596560973266	0.0430913017215651	0.522385105638742
-0.562968778853102	1.52500999458982	4.78189336980821	0.0433581151408081	0.524192316128939
-0.188421258001181	5.29484519151884	4.77986421407874	0.0433912534446087	0.524192316128939
-0.239456353014882	4.31456528431552	4.77782786225932	0.0434309382930615	0.524192316128939
-0.184908700322097	5.98076649880152	4.77761322781513	0.0434349037856932	0.524192316128939
-0.294211764252336	3.12559760673926	4.76744154801862	0.0436333873988008	0.525667778421719
-0.180715346268721	5.64630373460827	4.76335724804699	0.0437125931271738	0.526196965001838
-0.294682589490698	6.73847027477205	4.75697249664956	0.0438376151134162	0.526677935813092
-0.180732331495224	7.90439179996342	4.75691577380771	0.0438387257991249	0.526677935813092
-0.222714038295289	5.29494880435422	4.75419469038964	0.043892154752594	0.526677935813092
-0.861288855473122	-0.441800040516441	4.7595000051683	0.0439408917910119	0.526810146657325
-0.171508916768449	4.90299739659911	4.74922074308856	0.0439899955880979	0.526810146657325
-0.229909396340076	4.75763651932931	4.74795898715961	0.0440148858151908	0.526810146657325
-0.202331668972763	3.85742495241418	4.72939013990678	0.0443828269019023	0.528890609557023
-1.54061917488067	-2.66733334853416	4.48031158901569	0.0444130162507727	0.528890609557023
-0.247701442092757	6.05053884434222	4.72485666442991	0.0444728388069219	0.529057985526558
-1.55305606672872	-2.60775782756768	4.4589049500313	0.0446821408170252	0.530292538924447
-0.168737269381901	6.75501745264511	4.71145502732491	0.0447410491370393	0.530292538924447
-0.928272083656739	-0.622535342882303	4.65868780246795	0.044769115535681	0.530292538924447
-0.147152328765268	7.41285578163811	4.70990967767903	0.0447720960349087	0.530292538924447
-0.27868360127614	4.04375198438421	4.7093432016072	0.0447837573295151	0.530292538924447
-0.569970573278583	2.83010967319656	4.70728193663818	0.0448259805314554	0.530459517418346
-0.158697676961426	5.66581318209341	4.69963463833979	0.044979178806414	0.531231663803444
-0.718148398310515	3.26749498463501	4.69830045338251	0.0450071195833773	0.531231663803444
-0.768313365728227	0.0719530404624247	4.70201309661596	0.0450077473333804	0.531231663803444
-0.345932339616922	3.89343049015153	4.6532165251984	0.04592886534729	0.539608514628226
-0.238509529764709	3.12338237740821	4.65257590046458	0.0459423885115269	0.539608514628226
-0.167931848234338	6.46544466799255	4.64980677854116	0.0459992095677005	0.539939695131011
-0.187273555491323	5.36386277393379	4.64829346461712	0.0460306195923301	0.539940482683429
-0.894035292151412	-0.783472691892845	4.64887635527064	0.0461260865369448	0.539940482683429
-0.248649310348708	3.11568728938007	4.63839027604974	0.0462372725387624	0.540120352507588
-1.85520149779927	-2.31546422939134	4.55552517241806	0.0462592926311322	0.540120352507588
-0.412985455219764	1.73937986418484	4.63683492569747	0.046272305023181	0.540120352507588
-0.280919160965093	7.81006371784427	4.63307986911997	0.0463476105101522	0.540330640947466
-0.203186373121634	5.12541271821445	4.61143342317001	0.0468030631624932	0.542622114587651
-1.12445790216435	-1.2573146738929	4.52288309955554	0.046955319398509	0.543493665413187
-1.1697781235676	-1.19358157054376	4.57109955407197	0.04696467553536	0.543493665413187
-0.164752057659072	5.05825328302824	4.60010788144514	0.0470434075742442	0.543737620755495
-0.267451646046616	9.26715737451235	4.59357390601952	0.0471826762273272	0.544346679924204
-0.188476345632504	8.50386007481428	4.58959139794272	0.0472678201457407	0.544643819766153
-0.43873386449561	0.998277653386807	4.58650480742831	0.0473437004539696	0.544871398208194
-0.443117833719054	1.03851353269757	4.58339362998538	0.047411287645808	0.54500917756767
-0.934127287186753	-0.89084603998781	4.58942018432971	0.0474134581131605	0.54500917756767
-0.224563618739716	6.69777267431234	4.57906415423604	0.0474937470912741	0.545237564821042
-1.10289457699949	-1.29896665205421	4.56369614059511	0.0475978111126349	0.545785361356212
-0.216475311858286	4.42824472858075	4.56181445576702	0.0478668202835034	0.547304295061639
-0.351654878578559	1.67793161407382	4.56163355941342	0.0478742557838999	0.547304295061639
-0.876735741152122	-1.19365115213523	4.55449109126885	0.0479036231751274	0.547308324622912
-0.290956029118331	3.69466966228318	4.54815728470116	0.0481646971409774	0.549714553085031
-0.179836791616904	4.55874269520237	4.53825574457592	0.0483815602489179	0.550366034035949
-0.181286546536334	7.85963292836723	4.53743263873889	0.0483995390989468	0.550366034035949
-0.374075016719131	1.61207851137695	4.53713684916612	0.0484110677102694	0.550366034035949
-0.702328778148536	-0.311293817879831	4.5395332703766	0.048482452630239	0.550366034035949
-0.287885929702273	3.08311354458027	4.53206317168356	0.0485184205401328	0.550366034035949
-0.154408959099246	5.71305771195472	4.52957455859843	0.0485727564889094	0.550366034035949
-0.268115972876494	3.34515492456681	4.52845614318945	0.0485979260083081	0.550366034035949
-0.856398476196035	-0.0977981089204536	4.49742925699995	0.0487388456245112	0.550834521522612
-0.988674349362102	-0.355436336144683	4.52667199602728	0.048786486070173	0.550834521522612
-0.281142572952332	7.14812237824833	4.51948070780289	0.0487962935622268	0.550834521522612
-0.230910356780462	4.86031747322259	4.5085594042442	0.0490395651512794	0.55296985522404
-0.160207468054157	5.94499151608814	4.50614204614977	0.0490935370731137	0.55296985522404
-0.253474291580642	4.07534760702303	4.50538802343443	0.0491106550629933	0.55296985522404
-0.335107473744532	2.43521493423614	4.50448660318447	0.0491320297596083	0.55296985522404
-0.237581498969854	4.13003948086709	4.50230865010384	0.0491796034327884	0.553175229309891
-0.178586548169498	7.15387043976264	4.49600742909519	0.0493207751327271	0.554432527609435
-0.190489958278701	7.78561860773079	4.48860466618303	0.0494875336713315	0.555975787756001
-1.3316057488802	-2.00374928745521	4.32920610841404	0.0496491201711386	0.557459139159636
-0.179564423153391	7.68974424501502	4.47833605589762	0.0497199343869586	0.55779717586162
-0.147806089859203	6.15297665432261	4.46748553903162	0.0499668855902498	0.560026953588165
